Semente utilizada : 1501952223
10 13 3

0 394 644 418 475 815 446 315 78 78 
394 0 188 262 459 895 248 935 568 653 
644 188 0 656 55 89 383 285 838 924 
418 262 656 0 989 489 173 665 409 788 
475 459 55 989 0 760 799 917 5 989 
815 895 89 489 760 0 759 452 236 56 
446 248 383 173 799 759 0 641 661 393 
315 935 285 665 917 452 641 0 643 218 
78 568 838 409 5 236 661 643 0 624 
78 653 924 788 989 56 393 218 624 0 

0 556 443 497 566 192 451 553 797 786 
556 0 761 679 549 124 768 187 450 466 
443 761 0 434 864 745 667 591 199 247 
497 679 434 0 127 533 695 459 540 226 
566 549 864 127 0 329 351 256 866 173 
192 124 745 533 329 0 280 636 677 824 
451 768 667 695 351 280 0 349 377 657 
553 187 591 459 256 636 349 0 461 635 
797 450 199 540 866 677 377 461 0 353 
786 466 247 226 173 824 657 635 353 0 

1525
0 59 5
1 595 59
2 292 29
3 621 62
4 892 89
5 489 48
6 476 47
7 725 72
8 355 35
9 560 56

0 0 9 439.6   2070
1 1 7 439.6   561
2 2 3 549.5   1302
3 2 1 329.7   1947
4 3 0 329.7   1491
5 3 4 439.6   381
6 4 8 439.6   1578
7 5 0 329.7   576
8 5 3 549.5   1368
9 6 3 549.5   1434
10 7 2 329.7   1773
11 8 7 439.6   1383
12 9 4 549.5   519

0 0 302
0 1 258
0 2 332
0 3 354
0 4 275
0 5 303
0 6 280
0 7 282
0 8 331
0 9 0
1 0 294
1 1 298
1 2 190
1 3 335
1 4 334
1 5 243
1 6 245
1 7 0
1 8 351
1 9 303
2 0 252
2 1 343
2 2 324
2 3 0
2 4 269
2 5 202
2 6 280
2 7 257
2 8 190
2 9 333
3 0 267
3 1 0
3 2 183
3 3 221
3 4 186
3 5 338
3 6 328
3 7 319
3 8 199
3 9 272
4 0 0
4 1 254
4 2 262
4 3 303
4 4 302
4 5 238
4 6 317
4 7 307
4 8 278
4 9 314
5 0 259
5 1 338
5 2 214
5 3 281
5 4 0
5 5 319
5 6 219
5 7 215
5 8 334
5 9 321
6 0 302
6 1 260
6 2 302
6 3 352
6 4 348
6 5 211
6 6 257
6 7 294
6 8 0
6 9 210
7 0 0
7 1 261
7 2 226
7 3 222
7 4 267
7 5 256
7 6 335
7 7 239
7 8 355
7 9 233
8 0 214
8 1 204
8 2 264
8 3 0
8 4 225
8 5 261
8 6 208
8 7 344
8 8 247
8 9 293
9 0 308
9 1 360
9 2 323
9 3 0
9 4 349
9 5 249
9 6 350
9 7 312
9 8 362
9 9 247
10 0 255
10 1 322
10 2 0
10 3 221
10 4 210
10 5 267
10 6 339
10 7 290
10 8 345
10 9 236
11 0 335
11 1 255
11 2 199
11 3 257
11 4 213
11 5 304
11 6 271
11 7 0
11 8 311
11 9 352
12 0 200
12 1 215
12 2 329
12 3 346
12 4 0
12 5 191
12 6 197
12 7 187
12 8 323
12 9 240
