10 50 5

0 573 316 204 633 459 542 460 210 320 
573 0 326 424 123 611 460 641 242 651 
316 326 0 247 552 367 331 444 107 275 
204 424 247 0 329 112 643 271 170 353 
633 123 552 329 0 675 281 387 515 583 
459 611 367 112 675 0 314 278 103 535 
542 460 331 643 281 314 0 155 471 502 
460 641 444 271 387 278 155 0 262 453 
210 242 107 170 515 103 471 262 0 482 
320 651 275 353 583 535 502 453 482 0 

0 20 91 91 31 33 37 40 77 86 
20 0 69 55 87 22 26 51 77 40 
91 69 0 87 46 45 70 38 78 61 
91 55 87 0 92 81 34 89 67 23 
31 87 46 92 0 35 61 53 22 29 
33 22 45 81 35 0 64 67 91 53 
37 26 70 34 61 64 0 83 49 52 
40 51 38 89 53 67 83 0 60 45 
77 77 78 67 22 91 49 60 0 27 
86 40 61 23 29 53 52 45 27 0 

317.0 231.0 1 3
190.0 93.0 1 5
222.0 99.0 1 6
285.0 111.0 1 7
190.0 231.0 1 3
222.0 78.0 2 7
190.0 60.0 2 1
254.0 60.0 2 1
317.0 60.0 2 1
285.0 165.0 2 4
254.0 273.0 3 1
317.0 183.0 3 10
317.0 183.0 3 10
317.0 234.0 3 9
190.0 261.0 3 4
222.0 273.0 4 1
222.0 201.0 4 9
317.0 165.0 4 2
317.0 201.0 4 9
222.0 273.0 4 1
317.0 105.0 5 6
285.0 261.0 5 2
317.0 66.0 5 9
190.0 159.0 5 8
317.0 138.0 5 3
190.0 66.0 6 2
317.0 66.0 6 2
285.0 66.0 6 2
317.0 105.0 6 5
222.0 243.0 6 4
317.0 249.0 7 8
317.0 183.0 7 5
190.0 78.0 7 2
317.0 147.0 7 9
254.0 192.0 7 6
254.0 120.0 8 1
222.0 180.0 8 9
190.0 201.0 8 6
254.0 135.0 8 10
285.0 120.0 8 1
317.0 201.0 9 4
222.0 231.0 9 1
254.0 66.0 9 5
317.0 234.0 9 3
317.0 180.0 9 8
285.0 87.0 10 5
317.0 87.0 10 5
222.0 135.0 10 8
222.0 159.0 10 6
190.0 183.0 10 3

0 573 0 204 533 313 542 460 210 320 
0 573 316 204 0 313 542 460 210 320 
0 573 316 204 533 0 542 460 210 320 
0 573 316 204 533 313 0 460 210 320 
0 573 0 204 533 313 542 460 210 320 
573 0 326 424 123 611 0 641 242 651 
0 0 326 424 123 611 460 641 242 651 
0 0 326 424 123 611 460 641 242 651 
0 0 326 424 123 611 460 641 242 651 
573 0 326 0 123 611 460 641 242 651 
0 326 0 247 552 367 331 444 107 275 
316 326 0 247 552 367 331 444 107 0 
316 326 0 247 552 367 331 444 107 0 
316 326 0 247 552 367 331 444 0 275 
316 326 0 0 552 367 331 444 107 275 
0 424 247 0 329 112 643 271 170 353 
204 424 247 0 329 112 643 271 0 353 
204 0 247 0 329 112 643 271 170 353 
204 424 247 0 329 112 643 271 0 353 
0 424 247 0 329 112 643 271 170 353 
633 123 552 329 0 0 281 387 515 583 
633 0 552 329 0 675 281 387 515 583 
633 123 552 329 0 675 281 387 0 583 
633 123 552 329 0 675 281 0 515 583 
633 123 0 329 0 675 281 387 515 583 
459 0 367 112 675 0 314 278 103 535 
459 0 367 112 675 0 314 278 103 535 
459 0 367 112 675 0 314 278 103 535 
459 611 367 112 0 0 314 278 103 535 
459 611 367 0 675 0 314 278 103 535 
542 460 331 643 281 314 0 0 471 502 
542 460 331 643 0 314 0 155 471 502 
542 0 331 643 281 314 0 155 471 502 
542 460 331 643 281 314 0 155 0 502 
542 460 331 643 281 0 0 155 471 502 
0 641 444 271 387 278 155 0 262 453 
460 641 444 271 387 278 155 0 0 453 
460 641 444 271 387 0 155 0 262 453 
460 641 444 271 387 278 155 0 262 0 
0 641 444 271 387 278 155 0 262 453 
210 242 107 0 515 103 471 262 0 482 
0 242 107 170 515 103 471 262 0 482 
210 242 107 170 0 103 471 262 0 482 
210 242 0 170 515 103 471 262 0 482 
210 242 107 170 515 103 471 0 0 482 
320 651 275 353 0 535 502 453 482 0 
320 651 275 353 0 535 502 453 482 0 
320 651 275 353 583 535 502 0 482 0 
320 651 275 353 583 0 502 453 482 0 
320 651 0 353 583 535 502 453 482 0 

1622.0
1 0.0 0.0
2 479.0 39.0
3 471.0 36.0
4 386.0 7.0
5 662.0 26.0
6 332.0 9.0
7 141.0 17.0
8 328.0 0.0
9 340.0 11.0
10 105.0 19.0
