30 389 5

0 182 213 379 631 563 461 546 120 174 155 620 561 624 220 316 581 694 619 531 538 376 203 454 527 218 627 565 616 228 
182 0 575 536 452 215 163 488 584 143 562 575 324 448 453 637 595 110 632 144 392 605 630 495 579 329 444 219 347 299 
213 575 0 467 562 438 113 543 602 372 521 629 647 106 578 225 689 226 342 485 429 647 120 637 493 574 430 599 375 608 
379 536 467 0 315 241 279 204 564 195 490 137 388 323 576 249 495 511 429 458 503 548 356 222 310 622 128 586 321 289 
631 452 562 315 0 209 155 374 355 543 228 458 412 670 356 200 454 607 133 625 151 646 167 661 341 461 683 180 121 548 
563 215 438 241 209 0 388 676 300 131 647 279 446 103 595 448 101 260 627 569 554 509 209 100 400 365 445 261 694 217 
461 163 113 279 155 388 0 610 688 236 396 361 572 698 478 136 627 131 290 610 165 112 499 386 296 561 506 418 622 319 
546 488 543 204 374 676 610 0 423 117 123 293 569 565 178 501 579 654 275 583 206 586 282 595 445 342 495 144 441 297 
120 584 602 564 355 300 688 423 0 606 669 481 676 547 188 509 373 620 255 647 598 594 418 119 562 132 424 554 624 322 
174 143 372 195 543 131 236 117 606 0 618 694 216 660 546 453 362 357 341 315 622 439 295 581 141 108 697 336 455 174 
155 562 521 490 228 647 396 123 669 618 0 357 651 574 468 210 699 176 617 195 321 466 618 153 449 687 604 681 594 400 
620 575 629 137 458 279 361 293 481 694 357 0 120 433 685 429 445 403 572 265 288 196 664 204 129 230 342 291 349 681 
561 324 647 388 412 446 572 569 676 216 651 120 0 464 114 252 385 188 353 247 577 699 140 352 133 384 252 693 389 618 
624 448 106 323 670 103 698 565 547 660 574 433 464 0 587 578 213 448 197 266 473 185 521 682 638 693 679 442 516 411 
220 453 578 576 356 595 478 178 188 546 468 685 114 587 0 164 448 200 431 337 371 565 255 402 362 402 387 298 615 111 
316 637 225 249 200 448 136 501 509 453 210 429 252 578 164 0 543 195 211 545 263 315 630 181 246 194 163 481 402 456 
581 595 689 495 454 101 627 579 373 362 699 445 385 213 448 543 0 310 574 655 564 683 154 438 262 388 170 682 582 327 
694 110 226 511 607 260 131 654 620 357 176 403 188 448 200 195 310 0 644 680 382 186 586 472 122 492 178 540 448 521 
619 632 342 429 133 627 290 275 255 341 617 572 353 197 431 211 574 644 0 483 388 426 561 667 587 249 541 555 185 195 
531 144 485 458 625 569 610 583 647 315 195 265 247 266 337 545 655 680 483 0 559 508 414 533 510 402 432 123 483 470 
538 392 429 503 151 554 165 206 598 622 321 288 577 473 371 263 564 382 388 559 0 545 172 419 554 473 244 281 606 467 
376 605 647 548 646 509 112 586 594 439 466 196 699 185 565 315 683 186 426 508 545 0 153 686 239 198 222 504 343 682 
203 630 120 356 167 209 499 282 418 295 618 664 140 521 255 630 154 586 561 414 172 153 0 253 412 264 573 535 306 257 
454 495 637 222 661 100 386 595 119 581 153 204 352 682 402 181 438 472 667 533 419 686 253 0 234 552 364 315 364 430 
527 579 493 310 341 400 296 445 562 141 449 129 133 638 362 246 262 122 587 510 554 239 412 234 0 602 381 476 328 565 
218 329 574 622 461 365 561 342 132 108 687 230 384 693 402 194 388 492 249 402 473 198 264 552 602 0 148 645 620 597 
627 444 430 128 683 445 506 495 424 697 604 342 252 679 387 163 170 178 541 432 244 222 573 364 381 148 0 247 248 288 
565 219 599 586 180 261 418 144 554 336 681 291 693 442 298 481 682 540 555 123 281 504 535 315 476 645 247 0 602 366 
616 347 375 321 121 694 622 441 624 455 594 349 389 516 615 402 582 448 185 483 606 343 306 364 328 620 248 602 0 489 
228 299 608 289 548 217 319 297 322 174 400 681 618 411 111 456 327 521 195 470 467 682 257 430 565 597 288 366 489 0 

0 82 61 76 28 50 34 30 90 69 85 28 54 57 66 87 44 25 37 48 56 95 81 25 56 88 20 57 44 64 
82 0 47 43 27 61 69 24 59 63 39 40 93 36 33 32 26 98 37 70 78 46 26 48 40 97 24 66 82 82 
61 47 0 27 46 52 95 50 29 79 53 59 28 89 31 92 34 84 98 24 29 42 95 53 21 58 26 54 96 48 
76 43 27 0 72 98 92 76 21 96 20 73 99 84 49 80 47 51 50 40 37 31 71 76 91 23 62 42 91 95 
28 27 46 72 0 96 84 90 63 54 76 38 58 45 80 93 53 48 96 48 66 29 96 46 89 24 54 69 82 27 
50 61 52 98 96 0 98 51 65 95 53 99 22 84 23 59 72 68 41 33 21 30 67 78 72 63 44 83 32 98 
34 69 95 92 84 98 0 52 32 81 64 79 28 58 35 72 22 82 68 23 81 63 20 73 87 36 32 58 28 71 
30 24 50 76 90 51 52 0 53 82 83 60 51 49 79 57 47 32 71 24 96 54 92 34 58 91 47 94 49 85 
90 59 29 21 63 65 32 53 0 51 54 21 36 26 82 28 60 36 75 30 39 42 38 90 52 64 50 29 56 72 
69 63 79 96 54 95 81 82 51 0 40 34 63 51 39 29 79 67 73 66 26 21 94 43 94 82 51 78 50 92 
85 39 53 20 76 53 64 83 54 40 0 78 29 47 53 88 22 88 42 63 91 48 55 71 44 47 45 53 56 96 
28 40 59 73 38 99 79 60 21 34 78 0 86 40 59 26 41 20 25 73 73 84 25 72 64 83 84 70 80 32 
54 93 28 99 58 22 28 51 36 63 29 86 0 45 74 82 75 99 91 88 32 41 89 76 95 62 98 44 62 48 
57 36 89 84 45 84 58 49 26 51 47 40 45 0 42 21 60 20 74 92 26 72 43 36 48 50 47 49 32 57 
66 33 31 49 80 23 35 79 82 39 53 59 74 42 0 85 27 75 57 87 70 39 92 33 78 34 76 89 56 86 
87 32 92 80 93 59 72 57 28 29 88 26 82 21 85 0 37 61 60 41 87 85 39 79 89 78 60 22 49 48 
44 26 34 47 53 72 22 47 60 79 22 41 75 60 27 37 0 66 54 24 53 33 75 58 79 94 64 43 52 94 
25 98 84 51 48 68 82 32 36 67 88 20 99 20 75 61 66 0 58 37 64 96 38 38 88 50 96 38 46 45 
37 37 98 50 96 41 68 71 75 73 42 25 91 74 57 60 54 58 0 41 87 30 45 36 21 76 48 53 85 95 
48 70 24 40 48 33 23 24 30 66 63 73 88 92 87 41 24 37 41 0 57 22 57 22 28 24 41 78 25 58 
56 78 29 37 66 21 81 96 39 26 91 73 32 26 70 87 53 64 87 57 0 46 93 22 33 23 78 76 53 39 
95 46 42 31 29 30 63 54 42 21 48 84 41 72 39 85 33 96 30 22 46 0 73 28 83 78 86 42 76 59 
81 26 95 71 96 67 20 92 38 94 55 25 89 43 92 39 75 38 45 57 93 73 0 94 31 65 35 54 85 89 
25 48 53 76 46 78 73 34 90 43 71 72 76 36 33 79 58 38 36 22 22 28 94 0 91 41 92 73 98 57 
56 40 21 91 89 72 87 58 52 94 44 64 95 48 78 89 79 88 21 28 33 83 31 91 0 42 87 58 90 46 
88 97 58 23 24 63 36 91 64 82 47 83 62 50 34 78 94 50 76 24 23 78 65 41 42 0 76 45 35 29 
20 24 26 62 54 44 32 47 50 51 45 84 98 47 76 60 64 96 48 41 78 86 35 92 87 76 0 91 83 66 
57 66 54 42 69 83 58 94 29 78 53 70 44 49 89 22 43 38 53 78 76 42 54 73 58 45 91 0 46 97 
44 82 96 91 82 32 28 49 56 50 56 80 62 32 56 49 52 46 85 25 53 76 85 98 90 35 83 46 0 42 
64 82 48 95 27 98 71 85 72 92 96 32 48 57 86 48 94 45 95 58 39 59 89 57 46 29 66 97 42 0 

567.0 192.0 1 30
637.0 135.0 1 14
496.0 147.0 1 9
496.0 102.0 1 7
637.0 138.0 1 3
708.0 132.0 1 29
496.0 195.0 1 11
425.0 141.0 1 20
637.0 141.0 1 21
496.0 84.0 1 5
637.0 147.0 1 9
496.0 165.0 1 30
637.0 75.0 1 24
425.0 159.0 1 23
708.0 168.0 1 25
567.0 84.0 1 12
496.0 72.0 2 27
496.0 189.0 2 10
496.0 144.0 2 24
637.0 144.0 2 24
567.0 294.0 2 18
496.0 78.0 2 23
425.0 234.0 2 21
708.0 210.0 2 20
425.0 72.0 2 27
567.0 120.0 2 12
567.0 198.0 2 28
708.0 72.0 2 27
425.0 138.0 2 22
567.0 72.0 2 27
425.0 120.0 2 12
708.0 279.0 2 13
496.0 96.0 2 16
637.0 96.0 2 16
425.0 246.0 2 1
567.0 291.0 2 26
567.0 78.0 3 27
708.0 285.0 3 7
496.0 159.0 3 11
496.0 87.0 3 9
496.0 93.0 3 15
496.0 285.0 3 23
496.0 213.0 4 23
567.0 129.0 4 2
708.0 216.0 4 5
637.0 285.0 4 30
496.0 252.0 4 14
637.0 81.0 4 3
567.0 141.0 4 17
637.0 147.0 4 15
496.0 93.0 4 22
496.0 93.0 4 22
708.0 216.0 4 5
567.0 162.0 5 27
425.0 228.0 5 11
708.0 228.0 5 11
567.0 267.0 5 25
637.0 228.0 5 11
567.0 96.0 6 29
567.0 153.0 6 8
637.0 159.0 6 11
425.0 153.0 6 8
708.0 150.0 6 1
425.0 153.0 6 8
425.0 294.0 6 30
567.0 132.0 6 27
637.0 123.0 6 19
708.0 63.0 6 21
637.0 234.0 6 24
708.0 159.0 6 11
496.0 96.0 6 29
567.0 285.0 6 10
496.0 159.0 6 11
708.0 285.0 7 3
425.0 174.0 7 14
567.0 219.0 7 24
425.0 156.0 7 8
708.0 192.0 7 11
637.0 108.0 7 26
496.0 102.0 7 1
567.0 84.0 7 29
637.0 261.0 7 25
425.0 72.0 8 2
496.0 174.0 8 25
496.0 72.0 8 20
496.0 174.0 8 25
708.0 255.0 8 30
425.0 246.0 8 10
708.0 159.0 8 9
567.0 249.0 8 11
567.0 174.0 8 25
567.0 147.0 8 14
425.0 72.0 8 2
567.0 228.0 8 4
496.0 141.0 8 17
496.0 63.0 9 4
567.0 90.0 9 20
496.0 126.0 9 22
637.0 87.0 9 3
637.0 156.0 9 25
637.0 192.0 9 26
425.0 270.0 9 24
496.0 270.0 9 24
567.0 84.0 9 16
708.0 177.0 9 2
567.0 195.0 9 6
496.0 270.0 9 24
425.0 246.0 9 15
637.0 177.0 9 2
637.0 177.0 9 2
425.0 162.0 10 5
496.0 87.0 10 16
425.0 282.0 10 25
567.0 153.0 10 14
637.0 201.0 10 18
637.0 246.0 10 26
708.0 234.0 10 28
496.0 276.0 10 30
496.0 237.0 10 17
637.0 246.0 10 26
567.0 201.0 10 18
496.0 246.0 10 26
637.0 189.0 11 20
637.0 159.0 11 28
425.0 189.0 11 20
496.0 60.0 11 4
567.0 189.0 11 20
496.0 165.0 11 23
425.0 66.0 11 17
425.0 159.0 11 3
637.0 159.0 11 15
496.0 132.0 11 25
425.0 141.0 11 26
708.0 273.0 11 21
496.0 252.0 12 22
425.0 78.0 12 16
637.0 240.0 12 29
425.0 177.0 12 3
567.0 240.0 12 29
425.0 177.0 12 15
425.0 174.0 13 5
425.0 66.0 13 6
496.0 96.0 13 21
496.0 186.0 13 26
496.0 186.0 13 29
425.0 66.0 13 6
637.0 135.0 13 14
425.0 297.0 13 18
567.0 186.0 13 26
708.0 135.0 13 14
637.0 258.0 13 12
496.0 108.0 13 9
637.0 132.0 13 28
708.0 132.0 13 28
708.0 135.0 14 13
425.0 216.0 14 22
496.0 108.0 14 2
567.0 252.0 14 4
425.0 108.0 14 24
708.0 63.0 14 16
637.0 174.0 14 7
567.0 126.0 14 15
708.0 135.0 14 5
425.0 108.0 14 24
567.0 171.0 14 1
425.0 252.0 14 6
425.0 252.0 14 6
425.0 150.0 14 26
637.0 252.0 14 6
567.0 141.0 14 11
496.0 78.0 14 9
567.0 252.0 14 4
567.0 267.0 15 28
567.0 240.0 15 5
567.0 69.0 15 6
567.0 147.0 15 4
708.0 246.0 15 9
567.0 93.0 15 3
637.0 246.0 15 9
637.0 222.0 15 13
425.0 81.0 15 17
496.0 159.0 15 11
567.0 255.0 15 16
567.0 177.0 16 6
567.0 144.0 16 30
567.0 237.0 16 24
567.0 180.0 16 19
425.0 96.0 16 2
496.0 147.0 16 29
496.0 279.0 16 5
708.0 216.0 16 7
637.0 240.0 16 4
708.0 255.0 16 22
425.0 261.0 16 21
637.0 216.0 16 7
708.0 78.0 16 12
567.0 63.0 16 14
425.0 141.0 17 4
496.0 156.0 17 29
567.0 78.0 17 2
637.0 141.0 17 8
496.0 81.0 17 15
637.0 198.0 17 18
425.0 159.0 17 5
425.0 237.0 17 25
567.0 78.0 17 2
425.0 282.0 17 30
567.0 99.0 17 22
637.0 141.0 17 4
637.0 198.0 17 18
708.0 123.0 17 12
637.0 159.0 17 5
637.0 282.0 17 30
708.0 282.0 17 26
496.0 216.0 17 6
496.0 114.0 18 24
496.0 264.0 18 11
496.0 75.0 18 1
496.0 183.0 18 16
496.0 294.0 18 2
567.0 108.0 18 9
496.0 198.0 18 17
708.0 297.0 18 13
637.0 60.0 18 14
425.0 138.0 18 29
425.0 192.0 18 21
496.0 246.0 18 7
496.0 111.0 18 20
637.0 96.0 18 8
708.0 252.0 18 3
708.0 264.0 18 25
708.0 264.0 18 11
708.0 138.0 18 29
496.0 288.0 19 5
567.0 288.0 19 5
708.0 171.0 19 15
425.0 225.0 19 9
637.0 222.0 19 14
637.0 159.0 19 28
708.0 99.0 20 6
637.0 111.0 20 18
496.0 72.0 20 26
425.0 66.0 20 22
708.0 72.0 20 8
708.0 111.0 20 18
708.0 99.0 20 6
708.0 261.0 20 15
425.0 123.0 20 19
425.0 120.0 20 4
496.0 66.0 20 24
637.0 69.0 20 7
425.0 198.0 20 10
425.0 72.0 20 17
567.0 276.0 20 14
637.0 210.0 20 2
637.0 72.0 20 17
425.0 171.0 20 23
496.0 174.0 20 30
708.0 87.0 21 3
637.0 63.0 21 6
425.0 78.0 21 10
708.0 78.0 21 14
708.0 243.0 21 7
637.0 171.0 21 20
425.0 285.0 22 1
637.0 162.0 22 8
637.0 189.0 22 7
567.0 258.0 22 27
425.0 162.0 22 8
708.0 144.0 22 11
567.0 255.0 22 16
425.0 99.0 22 17
708.0 138.0 22 21
496.0 126.0 22 3
708.0 87.0 22 5
567.0 228.0 22 29
425.0 219.0 22 23
708.0 126.0 22 28
708.0 78.0 23 2
496.0 225.0 23 17
708.0 129.0 23 14
496.0 117.0 23 16
425.0 75.0 23 12
425.0 117.0 23 16
637.0 288.0 23 5
425.0 195.0 23 26
425.0 288.0 23 5
708.0 255.0 23 29
708.0 243.0 23 1
637.0 288.0 23 5
708.0 267.0 23 30
637.0 114.0 23 18
425.0 135.0 23 19
496.0 282.0 23 24
496.0 282.0 23 10
496.0 267.0 23 13
496.0 159.0 24 3
425.0 216.0 24 12
567.0 282.0 24 23
425.0 171.0 24 30
496.0 270.0 24 9
567.0 66.0 24 20
708.0 114.0 24 18
708.0 108.0 24 14
425.0 273.0 24 25
637.0 219.0 24 7
708.0 138.0 24 5
637.0 99.0 24 15
637.0 270.0 24 9
425.0 216.0 24 12
425.0 282.0 24 23
708.0 108.0 24 19
567.0 219.0 24 7
708.0 273.0 25 4
425.0 192.0 25 12
567.0 282.0 25 10
637.0 132.0 25 11
567.0 270.0 25 29
567.0 285.0 25 13
637.0 120.0 25 2
496.0 132.0 25 11
567.0 261.0 25 7
708.0 99.0 25 21
567.0 216.0 25 6
567.0 120.0 25 2
425.0 249.0 25 22
425.0 249.0 25 22
637.0 63.0 25 3
496.0 174.0 25 8
708.0 132.0 25 11
496.0 132.0 25 11
425.0 228.0 26 27
425.0 135.0 26 28
567.0 105.0 26 29
637.0 123.0 26 24
567.0 150.0 26 14
496.0 291.0 26 2
567.0 282.0 26 17
567.0 150.0 26 18
708.0 186.0 26 13
708.0 234.0 26 22
496.0 234.0 26 16
567.0 69.0 26 21
425.0 249.0 26 12
567.0 273.0 26 8
425.0 234.0 26 22
708.0 246.0 26 10
496.0 228.0 27 15
637.0 258.0 27 22
637.0 72.0 27 2
425.0 150.0 27 9
496.0 96.0 27 7
425.0 141.0 27 8
637.0 288.0 27 18
425.0 294.0 27 13
708.0 258.0 27 22
637.0 294.0 27 13
637.0 135.0 28 26
637.0 249.0 28 6
567.0 87.0 28 9
496.0 159.0 28 19
496.0 228.0 28 21
425.0 219.0 28 24
708.0 132.0 28 13
567.0 174.0 28 7
637.0 249.0 28 6
425.0 159.0 28 11
567.0 162.0 28 23
567.0 135.0 28 26
425.0 246.0 29 5
496.0 147.0 29 16
425.0 168.0 29 9
425.0 246.0 29 2
567.0 96.0 29 14
496.0 171.0 30 14
637.0 216.0 30 9
708.0 258.0 30 15
567.0 138.0 30 25
425.0 285.0 30 19
708.0 174.0 30 20
425.0 198.0 30 27
425.0 216.0 30 9
425.0 117.0 30 21
708.0 291.0 30 28
425.0 96.0 30 12
637.0 96.0 30 12
567.0 288.0 30 11
637.0 174.0 30 20
567.0 213.0 30 7

0 182 213 369 370 305 326 278 120 174 155 443 334 319 220 316 357 292 375 326 375 356 203 239 315 218 366 401 491 0 
0 182 213 369 370 305 326 278 120 174 155 443 334 0 220 316 357 292 375 326 375 356 203 239 315 218 366 401 491 228 
0 182 213 369 370 305 326 278 0 174 155 443 334 319 220 316 357 292 375 326 375 356 203 239 315 218 366 401 491 228 
0 182 213 369 370 305 0 278 120 174 155 443 334 319 220 316 357 292 375 326 375 356 203 239 315 218 366 401 491 228 
0 182 0 369 370 305 326 278 120 174 155 443 334 319 220 316 357 292 375 326 375 356 203 239 315 218 366 401 491 228 
0 182 213 369 370 305 326 278 120 174 155 443 334 319 220 316 357 292 375 326 375 356 203 239 315 218 366 401 0 228 
0 182 213 369 370 305 326 278 120 174 0 443 334 319 220 316 357 292 375 326 375 356 203 239 315 218 366 401 491 228 
0 182 213 369 370 305 326 278 120 174 155 443 334 319 220 316 357 292 375 0 375 356 203 239 315 218 366 401 491 228 
0 182 213 369 370 305 326 278 120 174 155 443 334 319 220 316 357 292 375 326 0 356 203 239 315 218 366 401 491 228 
0 182 213 369 0 305 326 278 120 174 155 443 334 319 220 316 357 292 375 326 375 356 203 239 315 218 366 401 491 228 
0 182 213 369 370 305 326 278 0 174 155 443 334 319 220 316 357 292 375 326 375 356 203 239 315 218 366 401 491 228 
0 182 213 369 370 305 326 278 120 174 155 443 334 319 220 316 357 292 375 326 375 356 203 239 315 218 366 401 491 0 
0 182 213 369 370 305 326 278 120 174 155 443 334 319 220 316 357 292 375 326 375 356 203 0 315 218 366 401 491 228 
0 182 213 369 370 305 326 278 120 174 155 443 334 319 220 316 357 292 375 326 375 356 0 239 315 218 366 401 491 228 
0 182 213 369 370 305 326 278 120 174 155 443 334 319 220 316 357 292 375 326 375 356 203 239 0 218 366 401 491 228 
0 182 213 369 370 305 326 278 120 174 155 0 334 319 220 316 357 292 375 326 375 356 203 239 315 218 366 401 491 228 
182 0 575 536 452 215 163 488 584 143 562 575 324 448 453 637 595 110 632 144 392 605 630 495 579 329 0 219 347 299 
182 0 575 536 452 215 163 488 584 0 562 575 324 448 453 637 595 110 632 144 392 605 630 495 579 329 444 219 347 299 
182 0 575 536 452 215 163 488 584 143 562 575 324 448 453 637 595 110 632 144 392 605 630 0 579 329 444 219 347 299 
182 0 575 536 452 215 163 488 584 143 562 575 324 448 453 637 595 110 632 144 392 605 630 0 579 329 444 219 347 299 
182 0 575 536 452 215 163 488 584 143 562 575 324 448 453 637 595 0 632 144 392 605 630 495 579 329 444 219 347 299 
182 0 575 536 452 215 163 488 584 143 562 575 324 448 453 637 595 110 632 144 392 605 0 495 579 329 444 219 347 299 
182 0 575 536 452 215 163 488 584 143 562 575 324 448 453 637 595 110 632 144 0 605 630 495 579 329 444 219 347 299 
182 0 575 536 452 215 163 488 584 143 562 575 324 448 453 637 595 110 632 0 392 605 630 495 579 329 444 219 347 299 
182 0 575 536 452 215 163 488 584 143 562 575 324 448 453 637 595 110 632 144 392 605 630 495 579 329 0 219 347 299 
182 0 575 536 452 215 163 488 584 143 562 0 324 448 453 637 595 110 632 144 392 605 630 495 579 329 444 219 347 299 
182 0 575 536 452 215 163 488 584 143 562 575 324 448 453 637 595 110 632 144 392 605 630 495 579 329 444 0 347 299 
182 0 575 536 452 215 163 488 584 143 562 575 324 448 453 637 595 110 632 144 392 605 630 495 579 329 0 219 347 299 
182 0 575 536 452 215 163 488 584 143 562 575 324 448 453 637 595 110 632 144 392 0 630 495 579 329 444 219 347 299 
182 0 575 536 452 215 163 488 584 143 562 575 324 448 453 637 595 110 632 144 392 605 630 495 579 329 0 219 347 299 
182 0 575 536 452 215 163 488 584 143 562 0 324 448 453 637 595 110 632 144 392 605 630 495 579 329 444 219 347 299 
182 0 575 536 452 215 163 488 584 143 562 575 0 448 453 637 595 110 632 144 392 605 630 495 579 329 444 219 347 299 
182 0 575 536 452 215 163 488 584 143 562 575 324 448 453 0 595 110 632 144 392 605 630 495 579 329 444 219 347 299 
182 0 575 536 452 215 163 488 584 143 562 575 324 448 453 0 595 110 632 144 392 605 630 495 579 329 444 219 347 299 
0 0 575 536 452 215 163 488 584 143 562 575 324 448 453 637 595 110 632 144 392 605 630 495 579 329 444 219 347 299 
182 0 575 536 452 215 163 488 584 143 562 575 324 448 453 637 595 110 632 144 392 605 630 495 579 0 444 219 347 299 
213 575 0 467 562 438 113 543 602 372 521 629 647 106 578 225 689 226 342 485 429 647 120 637 493 574 0 599 375 608 
213 575 0 467 562 438 0 543 602 372 521 629 647 106 578 225 689 226 342 485 429 647 120 637 493 574 430 599 375 608 
213 575 0 467 562 438 113 543 602 372 0 629 647 106 578 225 689 226 342 485 429 647 120 637 493 574 430 599 375 608 
213 575 0 467 562 438 113 543 0 372 521 629 647 106 578 225 689 226 342 485 429 647 120 637 493 574 430 599 375 608 
213 575 0 467 562 438 113 543 602 372 521 629 647 106 0 225 689 226 342 485 429 647 120 637 493 574 430 599 375 608 
213 575 0 467 562 438 113 543 602 372 521 629 647 106 578 225 689 226 342 485 429 647 0 637 493 574 430 599 375 608 
379 536 467 0 315 241 279 204 564 195 490 137 388 323 576 249 495 511 429 458 503 548 0 222 310 622 128 586 321 289 
379 0 467 0 315 241 279 204 564 195 490 137 388 323 576 249 495 511 429 458 503 548 356 222 310 622 128 586 321 289 
379 536 467 0 0 241 279 204 564 195 490 137 388 323 576 249 495 511 429 458 503 548 356 222 310 622 128 586 321 289 
379 536 467 0 315 241 279 204 564 195 490 137 388 323 576 249 495 511 429 458 503 548 356 222 310 622 128 586 321 0 
379 536 467 0 315 241 279 204 564 195 490 137 388 0 576 249 495 511 429 458 503 548 356 222 310 622 128 586 321 289 
379 536 0 0 315 241 279 204 564 195 490 137 388 323 576 249 495 511 429 458 503 548 356 222 310 622 128 586 321 289 
379 536 467 0 315 241 279 204 564 195 490 137 388 323 576 249 0 511 429 458 503 548 356 222 310 622 128 586 321 289 
379 536 467 0 315 241 279 204 564 195 490 137 388 323 0 249 495 511 429 458 503 548 356 222 310 622 128 586 321 289 
379 536 467 0 315 241 279 204 564 195 490 137 388 323 576 249 495 511 429 458 503 0 356 222 310 622 128 586 321 289 
379 536 467 0 315 241 279 204 564 195 490 137 388 323 576 249 495 511 429 458 503 0 356 222 310 622 128 586 321 289 
379 536 467 0 0 241 279 204 564 195 490 137 388 323 576 249 495 511 429 458 503 548 356 222 310 622 128 586 321 289 
631 452 562 315 0 209 155 374 355 543 228 458 412 670 356 200 454 607 133 625 151 646 167 661 341 461 0 180 121 548 
631 452 562 315 0 209 155 374 355 543 0 458 412 670 356 200 454 607 133 625 151 646 167 661 341 461 683 180 121 548 
631 452 562 315 0 209 155 374 355 543 0 458 412 670 356 200 454 607 133 625 151 646 167 661 341 461 683 180 121 548 
631 452 562 315 0 209 155 374 355 543 228 458 412 670 356 200 454 607 133 625 151 646 167 661 0 461 683 180 121 548 
631 452 562 315 0 209 155 374 355 543 0 458 412 670 356 200 454 607 133 625 151 646 167 661 341 461 683 180 121 548 
563 215 438 241 209 0 388 676 300 131 647 279 446 103 595 448 101 260 627 569 554 509 209 100 400 365 445 261 0 217 
563 215 438 241 209 0 388 0 300 131 647 279 446 103 595 448 101 260 627 569 554 509 209 100 400 365 445 261 694 217 
563 215 438 241 209 0 388 676 300 131 0 279 446 103 595 448 101 260 627 569 554 509 209 100 400 365 445 261 694 217 
563 215 438 241 209 0 388 0 300 131 647 279 446 103 595 448 101 260 627 569 554 509 209 100 400 365 445 261 694 217 
0 215 438 241 209 0 388 676 300 131 647 279 446 103 595 448 101 260 627 569 554 509 209 100 400 365 445 261 694 217 
563 215 438 241 209 0 388 0 300 131 647 279 446 103 595 448 101 260 627 569 554 509 209 100 400 365 445 261 694 217 
563 215 438 241 209 0 388 676 300 131 647 279 446 103 595 448 101 260 627 569 554 509 209 100 400 365 445 261 694 0 
563 215 438 241 209 0 388 676 300 131 647 279 446 103 595 448 101 260 627 569 554 509 209 100 400 365 0 261 694 217 
563 215 438 241 209 0 388 676 300 131 647 279 446 103 595 448 101 260 0 569 554 509 209 100 400 365 445 261 694 217 
563 215 438 241 209 0 388 676 300 131 647 279 446 103 595 448 101 260 627 569 0 509 209 100 400 365 445 261 694 217 
563 215 438 241 209 0 388 676 300 131 647 279 446 103 595 448 101 260 627 569 554 509 209 0 400 365 445 261 694 217 
563 215 438 241 209 0 388 676 300 131 0 279 446 103 595 448 101 260 627 569 554 509 209 100 400 365 445 261 694 217 
563 215 438 241 209 0 388 676 300 131 647 279 446 103 595 448 101 260 627 569 554 509 209 100 400 365 445 261 0 217 
563 215 438 241 209 0 388 676 300 0 647 279 446 103 595 448 101 260 627 569 554 509 209 100 400 365 445 261 694 217 
563 215 438 241 209 0 388 676 300 131 0 279 446 103 595 448 101 260 627 569 554 509 209 100 400 365 445 261 694 217 
461 163 0 279 155 388 0 610 688 236 396 361 572 698 478 136 627 131 290 610 165 112 499 386 296 561 506 418 622 319 
461 163 113 279 155 388 0 610 688 236 396 361 572 0 478 136 627 131 290 610 165 112 499 386 296 561 506 418 622 319 
461 163 113 279 155 388 0 610 688 236 396 361 572 698 478 136 627 131 290 610 165 112 499 0 296 561 506 418 622 319 
461 163 113 279 155 388 0 0 688 236 396 361 572 698 478 136 627 131 290 610 165 112 499 386 296 561 506 418 622 319 
461 163 113 279 155 388 0 610 688 236 0 361 572 698 478 136 627 131 290 610 165 112 499 386 296 561 506 418 622 319 
461 163 113 279 155 388 0 610 688 236 396 361 572 698 478 136 627 131 290 610 165 112 499 386 296 0 506 418 622 319 
0 163 113 279 155 388 0 610 688 236 396 361 572 698 478 136 627 131 290 610 165 112 499 386 296 561 506 418 622 319 
461 163 113 279 155 388 0 610 688 236 396 361 572 698 478 136 627 131 290 610 165 112 499 386 296 561 506 418 0 319 
461 163 113 279 155 388 0 610 688 236 396 361 572 698 478 136 627 131 290 610 165 112 499 386 0 561 506 418 622 319 
546 0 543 204 374 676 610 0 423 117 123 293 569 565 178 501 579 654 275 583 206 586 282 595 445 342 495 144 441 297 
546 488 543 204 374 676 610 0 423 117 123 293 569 565 178 501 579 654 275 583 206 586 282 595 0 342 495 144 441 297 
546 488 543 204 374 676 610 0 423 117 123 293 569 565 178 501 579 654 275 0 206 586 282 595 445 342 495 144 441 297 
546 488 543 204 374 676 610 0 423 117 123 293 569 565 178 501 579 654 275 583 206 586 282 595 0 342 495 144 441 297 
546 488 543 204 374 676 610 0 423 117 123 293 569 565 178 501 579 654 275 583 206 586 282 595 445 342 495 144 441 0 
546 488 543 204 374 676 610 0 423 0 123 293 569 565 178 501 579 654 275 583 206 586 282 595 445 342 495 144 441 297 
546 488 543 204 374 676 610 0 0 117 123 293 569 565 178 501 579 654 275 583 206 586 282 595 445 342 495 144 441 297 
546 488 543 204 374 676 610 0 423 117 0 293 569 565 178 501 579 654 275 583 206 586 282 595 445 342 495 144 441 297 
546 488 543 204 374 676 610 0 423 117 123 293 569 565 178 501 579 654 275 583 206 586 282 595 0 342 495 144 441 297 
546 488 543 204 374 676 610 0 423 117 123 293 569 0 178 501 579 654 275 583 206 586 282 595 445 342 495 144 441 297 
546 0 543 204 374 676 610 0 423 117 123 293 569 565 178 501 579 654 275 583 206 586 282 595 445 342 495 144 441 297 
546 488 543 0 374 676 610 0 423 117 123 293 569 565 178 501 579 654 275 583 206 586 282 595 445 342 495 144 441 297 
546 488 543 204 374 676 610 0 423 117 123 293 569 565 178 501 0 654 275 583 206 586 282 595 445 342 495 144 441 297 
120 584 602 0 355 300 688 423 0 606 669 481 676 547 188 509 373 620 255 647 598 594 418 119 562 132 424 554 624 322 
120 584 602 564 355 300 688 423 0 606 669 481 676 547 188 509 373 620 255 0 598 594 418 119 562 132 424 554 624 322 
120 584 602 564 355 300 688 423 0 606 669 481 676 547 188 509 373 620 255 647 598 0 418 119 562 132 424 554 624 322 
120 584 0 564 355 300 688 423 0 606 669 481 676 547 188 509 373 620 255 647 598 594 418 119 562 132 424 554 624 322 
120 584 602 564 355 300 688 423 0 606 669 481 676 547 188 509 373 620 255 647 598 594 418 119 0 132 424 554 624 322 
120 584 602 564 355 300 688 423 0 606 669 481 676 547 188 509 373 620 255 647 598 594 418 119 562 0 424 554 624 322 
120 584 602 564 355 300 688 423 0 606 669 481 676 547 188 509 373 620 255 647 598 594 418 0 562 132 424 554 624 322 
120 584 602 564 355 300 688 423 0 606 669 481 676 547 188 509 373 620 255 647 598 594 418 0 562 132 424 554 624 322 
120 584 602 564 355 300 688 423 0 606 669 481 676 547 188 0 373 620 255 647 598 594 418 119 562 132 424 554 624 322 
120 0 602 564 355 300 688 423 0 606 669 481 676 547 188 509 373 620 255 647 598 594 418 119 562 132 424 554 624 322 
120 584 602 564 355 0 688 423 0 606 669 481 676 547 188 509 373 620 255 647 598 594 418 119 562 132 424 554 624 322 
120 584 602 564 355 300 688 423 0 606 669 481 676 547 188 509 373 620 255 647 598 594 418 0 562 132 424 554 624 322 
120 584 602 564 355 300 688 423 0 606 669 481 676 547 0 509 373 620 255 647 598 594 418 119 562 132 424 554 624 322 
120 0 602 564 355 300 688 423 0 606 669 481 676 547 188 509 373 620 255 647 598 594 418 119 562 132 424 554 624 322 
120 0 602 564 355 300 688 423 0 606 669 481 676 547 188 509 373 620 255 647 598 594 418 119 562 132 424 554 624 322 
174 143 372 195 0 131 236 117 606 0 618 694 216 660 546 453 362 357 341 315 622 439 295 581 141 108 697 336 455 174 
174 143 372 195 543 131 236 117 606 0 618 694 216 660 546 0 362 357 341 315 622 439 295 581 141 108 697 336 455 174 
174 143 372 195 543 131 236 117 606 0 618 694 216 660 546 453 362 357 341 315 622 439 295 581 0 108 697 336 455 174 
174 143 372 195 543 131 236 117 606 0 618 694 216 0 546 453 362 357 341 315 622 439 295 581 141 108 697 336 455 174 
174 143 372 195 543 131 236 117 606 0 618 694 216 660 546 453 362 0 341 315 622 439 295 581 141 108 697 336 455 174 
174 143 372 195 543 131 236 117 606 0 618 694 216 660 546 453 362 357 341 315 622 439 295 581 141 0 697 336 455 174 
174 143 372 195 543 131 236 117 606 0 618 694 216 660 546 453 362 357 341 315 622 439 295 581 141 108 697 0 455 174 
174 143 372 195 543 131 236 117 606 0 618 694 216 660 546 453 362 357 341 315 622 439 295 581 141 108 697 336 455 0 
174 143 372 195 543 131 236 117 606 0 618 694 216 660 546 453 0 357 341 315 622 439 295 581 141 108 697 336 455 174 
174 143 372 195 543 131 236 117 606 0 618 694 216 660 546 453 362 357 341 315 622 439 295 581 141 0 697 336 455 174 
174 143 372 195 543 131 236 117 606 0 618 694 216 660 546 453 362 0 341 315 622 439 295 581 141 108 697 336 455 174 
174 143 372 195 543 131 236 117 606 0 618 694 216 660 546 453 362 357 341 315 622 439 295 581 141 0 697 336 455 174 
155 562 521 490 228 647 396 123 669 618 0 357 651 574 468 210 699 176 617 0 321 466 618 153 449 687 604 681 594 400 
155 562 521 490 228 647 396 123 669 618 0 357 651 574 468 210 699 176 617 195 321 466 618 153 449 687 604 0 594 400 
155 562 521 490 228 647 396 123 669 618 0 357 651 574 468 210 699 176 617 0 321 466 618 153 449 687 604 681 594 400 
155 562 521 0 228 647 396 123 669 618 0 357 651 574 468 210 699 176 617 195 321 466 618 153 449 687 604 681 594 400 
155 562 521 490 228 647 396 123 669 618 0 357 651 574 468 210 699 176 617 0 321 466 618 153 449 687 604 681 594 400 
155 562 521 490 228 647 396 123 669 618 0 357 651 574 468 210 699 176 617 195 321 466 0 153 449 687 604 681 594 400 
155 562 521 490 228 647 396 123 669 618 0 357 651 574 468 210 0 176 617 195 321 466 618 153 449 687 604 681 594 400 
155 562 0 490 228 647 396 123 669 618 0 357 651 574 468 210 699 176 617 195 321 466 618 153 449 687 604 681 594 400 
155 562 521 490 228 647 396 123 669 618 0 357 651 574 0 210 699 176 617 195 321 466 618 153 449 687 604 681 594 400 
155 562 521 490 228 647 396 123 669 618 0 357 651 574 468 210 699 176 617 195 321 466 618 153 0 687 604 681 594 400 
155 562 521 490 228 647 396 123 669 618 0 357 651 574 468 210 699 176 617 195 321 466 618 153 449 0 604 681 594 400 
155 562 521 490 228 647 396 123 669 618 0 357 651 574 468 210 699 176 617 195 0 466 618 153 449 687 604 681 594 400 
620 575 629 137 458 279 361 293 481 694 357 0 120 433 685 429 445 403 572 265 288 0 664 204 129 230 342 291 349 681 
620 575 629 137 458 279 361 293 481 694 357 0 120 433 685 0 445 403 572 265 288 196 664 204 129 230 342 291 349 681 
620 575 629 137 458 279 361 293 481 694 357 0 120 433 685 429 445 403 572 265 288 196 664 204 129 230 342 291 0 681 
620 575 0 137 458 279 361 293 481 694 357 0 120 433 685 429 445 403 572 265 288 196 664 204 129 230 342 291 349 681 
620 575 629 137 458 279 361 293 481 694 357 0 120 433 685 429 445 403 572 265 288 196 664 204 129 230 342 291 0 681 
620 575 629 137 458 279 361 293 481 694 357 0 120 433 0 429 445 403 572 265 288 196 664 204 129 230 342 291 349 681 
561 324 647 388 0 446 572 569 676 216 651 120 0 464 114 252 385 188 353 247 577 699 140 352 133 384 252 693 389 618 
561 324 647 388 412 0 572 569 676 216 651 120 0 464 114 252 385 188 353 247 577 699 140 352 133 384 252 693 389 618 
561 324 647 388 412 446 572 569 676 216 651 120 0 464 114 252 385 188 353 247 0 699 140 352 133 384 252 693 389 618 
561 324 647 388 412 446 572 569 676 216 651 120 0 464 114 252 385 188 353 247 577 699 140 352 133 0 252 693 389 618 
561 324 647 388 412 446 572 569 676 216 651 120 0 464 114 252 385 188 353 247 577 699 140 352 133 384 252 693 0 618 
561 324 647 388 412 0 572 569 676 216 651 120 0 464 114 252 385 188 353 247 577 699 140 352 133 384 252 693 389 618 
561 324 647 388 412 446 572 569 676 216 651 120 0 0 114 252 385 188 353 247 577 699 140 352 133 384 252 693 389 618 
561 324 647 388 412 446 572 569 676 216 651 120 0 464 114 252 385 0 353 247 577 699 140 352 133 384 252 693 389 618 
561 324 647 388 412 446 572 569 676 216 651 120 0 464 114 252 385 188 353 247 577 699 140 352 133 0 252 693 389 618 
561 324 647 388 412 446 572 569 676 216 651 120 0 0 114 252 385 188 353 247 577 699 140 352 133 384 252 693 389 618 
561 324 647 388 412 446 572 569 676 216 651 0 0 464 114 252 385 188 353 247 577 699 140 352 133 384 252 693 389 618 
561 324 647 388 412 446 572 569 0 216 651 120 0 464 114 252 385 188 353 247 577 699 140 352 133 384 252 693 389 618 
561 324 647 388 412 446 572 569 676 216 651 120 0 464 114 252 385 188 353 247 577 699 140 352 133 384 252 0 389 618 
561 324 647 388 412 446 572 569 676 216 651 120 0 464 114 252 385 188 353 247 577 699 140 352 133 384 252 0 389 618 
624 448 106 323 670 103 698 565 547 660 574 433 0 0 587 578 213 448 197 266 473 185 521 682 638 693 679 442 516 411 
624 448 106 323 670 103 698 565 547 660 574 433 464 0 587 578 213 448 197 266 473 0 521 682 638 693 679 442 516 411 
624 0 106 323 670 103 698 565 547 660 574 433 464 0 587 578 213 448 197 266 473 185 521 682 638 693 679 442 516 411 
624 448 106 0 670 103 698 565 547 660 574 433 464 0 587 578 213 448 197 266 473 185 521 682 638 693 679 442 516 411 
624 448 106 323 670 103 698 565 547 660 574 433 464 0 587 578 213 448 197 266 473 185 521 0 638 693 679 442 516 411 
624 448 106 323 670 103 698 565 547 660 574 433 464 0 587 0 213 448 197 266 473 185 521 682 638 693 679 442 516 411 
624 448 106 323 670 103 0 565 547 660 574 433 464 0 587 578 213 448 197 266 473 185 521 682 638 693 679 442 516 411 
624 448 106 323 670 103 698 565 547 660 574 433 464 0 0 578 213 448 197 266 473 185 521 682 638 693 679 442 516 411 
624 448 106 323 0 103 698 565 547 660 574 433 464 0 587 578 213 448 197 266 473 185 521 682 638 693 679 442 516 411 
624 448 106 323 670 103 698 565 547 660 574 433 464 0 587 578 213 448 197 266 473 185 521 0 638 693 679 442 516 411 
0 448 106 323 670 103 698 565 547 660 574 433 464 0 587 578 213 448 197 266 473 185 521 682 638 693 679 442 516 411 
624 448 106 323 670 0 698 565 547 660 574 433 464 0 587 578 213 448 197 266 473 185 521 682 638 693 679 442 516 411 
624 448 106 323 670 0 698 565 547 660 574 433 464 0 587 578 213 448 197 266 473 185 521 682 638 693 679 442 516 411 
624 448 106 323 670 103 698 565 547 660 574 433 464 0 587 578 213 448 197 266 473 185 521 682 638 0 679 442 516 411 
624 448 106 323 670 0 698 565 547 660 574 433 464 0 587 578 213 448 197 266 473 185 521 682 638 693 679 442 516 411 
624 448 106 323 670 103 698 565 547 660 0 433 464 0 587 578 213 448 197 266 473 185 521 682 638 693 679 442 516 411 
624 448 106 323 670 103 698 565 0 660 574 433 464 0 587 578 213 448 197 266 473 185 521 682 638 693 679 442 516 411 
624 448 106 0 670 103 698 565 547 660 574 433 464 0 587 578 213 448 197 266 473 185 521 682 638 693 679 442 516 411 
220 453 578 576 356 595 478 178 188 546 468 685 114 587 0 164 448 200 431 337 371 565 255 402 362 402 387 0 615 111 
220 453 578 576 0 595 478 178 188 546 468 685 114 587 0 164 448 200 431 337 371 565 255 402 362 402 387 298 615 111 
220 453 578 576 356 0 478 178 188 546 468 685 114 587 0 164 448 200 431 337 371 565 255 402 362 402 387 298 615 111 
220 453 578 0 356 595 478 178 188 546 468 685 114 587 0 164 448 200 431 337 371 565 255 402 362 402 387 298 615 111 
220 453 578 576 356 595 478 178 0 546 468 685 114 587 0 164 448 200 431 337 371 565 255 402 362 402 387 298 615 111 
220 453 0 576 356 595 478 178 188 546 468 685 114 587 0 164 448 200 431 337 371 565 255 402 362 402 387 298 615 111 
220 453 578 576 356 595 478 178 0 546 468 685 114 587 0 164 448 200 431 337 371 565 255 402 362 402 387 298 615 111 
220 453 578 576 356 595 478 178 188 546 468 685 0 587 0 164 448 200 431 337 371 565 255 402 362 402 387 298 615 111 
220 453 578 576 356 595 478 178 188 546 468 685 114 587 0 164 0 200 431 337 371 565 255 402 362 402 387 298 615 111 
220 453 578 576 356 595 478 178 188 546 0 685 114 587 0 164 448 200 431 337 371 565 255 402 362 402 387 298 615 111 
220 453 578 576 356 595 478 178 188 546 468 685 114 587 0 0 448 200 431 337 371 565 255 402 362 402 387 298 615 111 
316 637 225 249 200 0 136 501 509 453 210 429 252 578 164 0 543 195 211 545 263 315 630 181 246 194 163 481 402 456 
316 637 225 249 200 448 136 501 509 453 210 429 252 578 164 0 543 195 211 545 263 315 630 181 246 194 163 481 402 0 
316 637 225 249 200 448 136 501 509 453 210 429 252 578 164 0 543 195 211 545 263 315 630 0 246 194 163 481 402 456 
316 637 225 249 200 448 136 501 509 453 210 429 252 578 164 0 543 195 0 545 263 315 630 181 246 194 163 481 402 456 
316 0 225 249 200 448 136 501 509 453 210 429 252 578 164 0 543 195 211 545 263 315 630 181 246 194 163 481 402 456 
316 637 225 249 200 448 136 501 509 453 210 429 252 578 164 0 543 195 211 545 263 315 630 181 246 194 163 481 0 456 
316 637 225 249 0 448 136 501 509 453 210 429 252 578 164 0 543 195 211 545 263 315 630 181 246 194 163 481 402 456 
316 637 225 249 200 448 0 501 509 453 210 429 252 578 164 0 543 195 211 545 263 315 630 181 246 194 163 481 402 456 
316 637 225 0 200 448 136 501 509 453 210 429 252 578 164 0 543 195 211 545 263 315 630 181 246 194 163 481 402 456 
316 637 225 249 200 448 136 501 509 453 210 429 252 578 164 0 543 195 211 545 263 0 630 181 246 194 163 481 402 456 
316 637 225 249 200 448 136 501 509 453 210 429 252 578 164 0 543 195 211 545 0 315 630 181 246 194 163 481 402 456 
316 637 225 249 200 448 0 501 509 453 210 429 252 578 164 0 543 195 211 545 263 315 630 181 246 194 163 481 402 456 
316 637 225 249 200 448 136 501 509 453 210 0 252 578 164 0 543 195 211 545 263 315 630 181 246 194 163 481 402 456 
316 637 225 249 200 448 136 501 509 453 210 429 252 0 164 0 543 195 211 545 263 315 630 181 246 194 163 481 402 456 
581 595 689 0 454 101 627 579 373 362 699 445 385 213 448 543 0 310 574 655 564 683 154 438 262 388 170 682 582 327 
581 595 689 495 454 101 627 579 373 362 699 445 385 213 448 543 0 310 574 655 564 683 154 438 262 388 170 682 0 327 
581 0 689 495 454 101 627 579 373 362 699 445 385 213 448 543 0 310 574 655 564 683 154 438 262 388 170 682 582 327 
581 595 689 495 454 101 627 0 373 362 699 445 385 213 448 543 0 310 574 655 564 683 154 438 262 388 170 682 582 327 
581 595 689 495 454 101 627 579 373 362 699 445 385 213 0 543 0 310 574 655 564 683 154 438 262 388 170 682 582 327 
581 595 689 495 454 101 627 579 373 362 699 445 385 213 448 543 0 0 574 655 564 683 154 438 262 388 170 682 582 327 
581 595 689 495 0 101 627 579 373 362 699 445 385 213 448 543 0 310 574 655 564 683 154 438 262 388 170 682 582 327 
581 595 689 495 454 101 627 579 373 362 699 445 385 213 448 543 0 310 574 655 564 683 154 438 0 388 170 682 582 327 
581 0 689 495 454 101 627 579 373 362 699 445 385 213 448 543 0 310 574 655 564 683 154 438 262 388 170 682 582 327 
581 595 689 495 454 101 627 579 373 362 699 445 385 213 448 543 0 310 574 655 564 683 154 438 262 388 170 682 582 0 
581 595 689 495 454 101 627 579 373 362 699 445 385 213 448 543 0 310 574 655 564 0 154 438 262 388 170 682 582 327 
581 595 689 0 454 101 627 579 373 362 699 445 385 213 448 543 0 310 574 655 564 683 154 438 262 388 170 682 582 327 
581 595 689 495 454 101 627 579 373 362 699 445 385 213 448 543 0 0 574 655 564 683 154 438 262 388 170 682 582 327 
581 595 689 495 454 101 627 579 373 362 699 0 385 213 448 543 0 310 574 655 564 683 154 438 262 388 170 682 582 327 
581 595 689 495 0 101 627 579 373 362 699 445 385 213 448 543 0 310 574 655 564 683 154 438 262 388 170 682 582 327 
581 595 689 495 454 101 627 579 373 362 699 445 385 213 448 543 0 310 574 655 564 683 154 438 262 388 170 682 582 0 
581 595 689 495 454 101 627 579 373 362 699 445 385 213 448 543 0 310 574 655 564 683 154 438 262 0 170 682 582 327 
581 595 689 495 454 0 627 579 373 362 699 445 385 213 448 543 0 310 574 655 564 683 154 438 262 388 170 682 582 327 
694 110 226 511 607 260 131 654 620 357 176 403 188 448 200 195 310 0 644 680 382 186 586 0 122 492 178 540 448 521 
694 110 226 511 607 260 131 654 620 357 0 403 188 448 200 195 310 0 644 680 382 186 586 472 122 492 178 540 448 521 
0 110 226 511 607 260 131 654 620 357 176 403 188 448 200 195 310 0 644 680 382 186 586 472 122 492 178 540 448 521 
694 110 226 511 607 260 131 654 620 357 176 403 188 448 200 0 310 0 644 680 382 186 586 472 122 492 178 540 448 521 
694 0 226 511 607 260 131 654 620 357 176 403 188 448 200 195 310 0 644 680 382 186 586 472 122 492 178 540 448 521 
694 110 226 511 607 260 131 654 0 357 176 403 188 448 200 195 310 0 644 680 382 186 586 472 122 492 178 540 448 521 
694 110 226 511 607 260 131 654 620 357 176 403 188 448 200 195 0 0 644 680 382 186 586 472 122 492 178 540 448 521 
694 110 226 511 607 260 131 654 620 357 176 403 0 448 200 195 310 0 644 680 382 186 586 472 122 492 178 540 448 521 
694 110 226 511 607 260 131 654 620 357 176 403 188 0 200 195 310 0 644 680 382 186 586 472 122 492 178 540 448 521 
694 110 226 511 607 260 131 654 620 357 176 403 188 448 200 195 310 0 644 680 382 186 586 472 122 492 178 540 0 521 
694 110 226 511 607 260 131 654 620 357 176 403 188 448 200 195 310 0 644 680 0 186 586 472 122 492 178 540 448 521 
694 110 226 511 607 260 0 654 620 357 176 403 188 448 200 195 310 0 644 680 382 186 586 472 122 492 178 540 448 521 
694 110 226 511 607 260 131 654 620 357 176 403 188 448 200 195 310 0 644 0 382 186 586 472 122 492 178 540 448 521 
694 110 226 511 607 260 131 0 620 357 176 403 188 448 200 195 310 0 644 680 382 186 586 472 122 492 178 540 448 521 
694 110 0 511 607 260 131 654 620 357 176 403 188 448 200 195 310 0 644 680 382 186 586 472 122 492 178 540 448 521 
694 110 226 511 607 260 131 654 620 357 176 403 188 448 200 195 310 0 644 680 382 186 586 472 0 492 178 540 448 521 
