5 39 5

0 369 468 180 361 
369 0 217 568 183 
468 217 0 202 123 
180 568 202 0 227 
361 183 123 227 0 

0 22 45 87 28 
22 0 60 41 99 
45 60 0 67 60 
87 41 67 0 71 
28 99 60 71 0 

111.0 135.0 1 3
138.0 135.0 1 3
97.0 66.0 1 2
111.0 189.0 1 4
83.0 66.0 1 2
97.0 66.0 1 2
138.0 84.0 1 5
111.0 84.0 1 5
83.0 135.0 1 3
97.0 180.0 2 3
124.0 297.0 2 5
83.0 297.0 2 5
124.0 123.0 2 4
83.0 123.0 2 4
97.0 135.0 3 1
138.0 201.0 3 4
124.0 180.0 3 5
111.0 201.0 3 4
124.0 180.0 3 2
138.0 180.0 3 2
83.0 180.0 3 5
97.0 135.0 3 1
111.0 180.0 3 5
97.0 180.0 3 5
138.0 123.0 4 2
97.0 123.0 4 2
97.0 213.0 4 5
97.0 213.0 4 5
83.0 213.0 4 5
138.0 123.0 4 2
97.0 213.0 5 4
97.0 84.0 5 1
111.0 84.0 5 1
111.0 84.0 5 1
111.0 213.0 5 4
138.0 297.0 5 2
138.0 84.0 5 1
83.0 297.0 5 2
111.0 180.0 5 3

0 369 0 180 361 
0 369 0 180 361 
0 0 382 180 361 
0 369 382 0 361 
0 0 382 180 361 
0 0 382 180 361 
0 369 382 180 0 
0 369 382 180 0 
0 369 0 180 361 
369 0 0 568 183 
369 0 217 568 0 
369 0 217 568 0 
369 0 217 0 183 
369 0 217 0 183 
0 217 0 202 123 
468 217 0 0 123 
468 217 0 202 0 
468 217 0 0 123 
468 0 0 202 123 
468 0 0 202 123 
468 217 0 202 0 
0 217 0 202 123 
468 217 0 202 0 
468 217 0 202 0 
180 0 202 0 227 
180 0 202 0 227 
180 568 202 0 0 
180 568 202 0 0 
180 568 202 0 0 
180 0 202 0 227 
361 183 123 0 0 
0 183 123 227 0 
0 183 123 227 0 
0 183 123 227 0 
361 183 123 0 0 
361 0 123 227 0 
0 183 123 227 0 
361 0 123 227 0 
361 183 0 227 0 

877.0999999999999
1 0.0 0.0
2 690.0 37.0
3 174.0 18.0
4 240.0 17.0
5 149.0 11.0
