5 35 4

0 421 603 615 683 
421 0 187 121 292 
603 187 0 137 621 
615 121 137 0 445 
683 292 621 445 0 

0 57 24 38 52 
57 0 99 65 99 
24 99 0 69 41 
38 65 69 0 30 
52 99 41 30 0 

195.0 114.0 1 4
156.0 156.0 1 5
175.0 114.0 1 4
156.0 156.0 1 5
136.0 72.0 1 3
136.0 72.0 1 3
156.0 171.0 1 2
175.0 171.0 1 2
195.0 297.0 2 5
136.0 297.0 2 5
175.0 171.0 2 1
175.0 297.0 2 3
117.0 171.0 2 1
156.0 297.0 2 3
136.0 195.0 2 4
195.0 297.0 3 2
156.0 72.0 3 1
175.0 72.0 3 1
117.0 123.0 3 5
117.0 123.0 3 5
175.0 297.0 3 2
195.0 90.0 4 5
175.0 114.0 4 1
136.0 195.0 4 2
175.0 90.0 4 5
195.0 90.0 4 5
136.0 114.0 4 1
156.0 90.0 4 5
175.0 90.0 4 5
117.0 90.0 5 4
195.0 297.0 5 2
195.0 297.0 5 2
136.0 90.0 5 4
136.0 90.0 5 4
175.0 156.0 5 1

0 421 603 0 683 
0 421 603 542 0 
0 421 603 0 683 
0 421 603 542 0 
0 421 0 542 683 
0 421 0 542 683 
0 0 603 542 683 
0 0 603 542 683 
421 0 187 121 0 
421 0 187 121 0 
0 0 187 121 292 
421 0 0 121 292 
0 0 187 121 292 
421 0 0 121 292 
421 0 187 0 292 
603 0 0 137 621 
0 187 0 137 621 
0 187 0 137 621 
603 187 0 137 0 
603 187 0 137 0 
603 0 0 137 621 
615 121 137 0 0 
0 121 137 0 445 
615 0 137 0 445 
615 121 137 0 0 
615 121 137 0 0 
0 121 137 0 445 
615 121 137 0 0 
615 121 137 0 0 
683 292 621 0 0 
683 0 621 445 0 
683 0 621 445 0 
683 292 621 0 0 
683 292 621 0 0 
0 292 621 445 0 

378.0
1 0.0 0.0
2 132.0 8.0
3 154.0 18.0
4 108.0 4.0
5 146.0 4.0
