5 27 3

0 397 530 452 120 
397 0 151 387 229 
530 151 0 496 348 
452 387 496 0 502 
120 229 348 502 0 

0 54 45 50 92 
54 0 65 34 70 
45 65 0 53 58 
50 34 53 0 39 
92 70 58 39 0 

125.0 162.0 1 2
178.0 162.0 1 2
107.0 135.0 1 3
142.0 267.0 1 5
125.0 267.0 1 5
160.0 135.0 1 3
142.0 102.0 2 4
142.0 162.0 2 1
178.0 102.0 2 4
178.0 195.0 2 3
178.0 174.0 3 5
125.0 159.0 3 4
178.0 195.0 3 2
107.0 159.0 3 4
142.0 195.0 3 2
142.0 174.0 3 5
142.0 102.0 4 2
125.0 150.0 4 1
160.0 159.0 4 3
160.0 150.0 4 1
107.0 159.0 4 3
178.0 117.0 5 4
125.0 117.0 5 4
142.0 276.0 5 1
178.0 276.0 5 1
107.0 117.0 5 4
125.0 276.0 5 1

0 0 468 452 120 
0 0 468 452 120 
0 397 0 452 120 
0 397 468 452 0 
0 397 468 452 0 
0 397 0 452 120 
397 0 151 0 229 
0 0 151 387 229 
397 0 151 0 229 
397 0 0 387 229 
530 151 0 496 0 
530 151 0 0 348 
530 0 0 496 348 
530 151 0 0 348 
530 0 0 496 348 
530 151 0 496 0 
452 0 496 0 502 
0 387 496 0 502 
452 387 0 0 502 
0 387 496 0 502 
452 387 0 0 502 
120 229 348 0 0 
120 229 348 0 0 
0 229 348 502 0 
0 229 348 502 0 
120 229 348 0 0 
0 229 348 502 0 

963.9
1 0.0 0.0
2 190.0 7.0
3 586.0 20.0
4 251.0 9.0
5 350.0 5.0
