5 25 3

0 264 476 439 266 
264 0 632 121 242 
476 632 0 474 304 
439 121 474 0 231 
266 242 304 231 0 

0 95 57 40 71 
95 0 46 99 61 
57 46 0 33 41 
40 99 33 0 83 
71 61 41 83 0 

166.0 120.0 1 4
111.0 285.0 1 2
184.0 120.0 1 4
184.0 285.0 1 2
111.0 171.0 1 3
111.0 120.0 1 4
184.0 138.0 2 3
111.0 285.0 2 1
184.0 138.0 2 3
184.0 285.0 2 1
184.0 99.0 3 4
111.0 138.0 3 2
129.0 171.0 3 1
166.0 171.0 3 1
166.0 120.0 4 1
129.0 249.0 4 5
166.0 99.0 4 3
166.0 297.0 4 2
129.0 120.0 4 1
166.0 249.0 4 5
184.0 213.0 5 1
166.0 249.0 5 4
184.0 249.0 5 4
148.0 213.0 5 1
129.0 213.0 5 1

0 264 476 0 266 
0 0 476 385 266 
0 264 476 0 266 
0 0 476 385 266 
0 264 0 385 266 
0 264 476 0 266 
264 0 0 121 242 
0 0 632 121 242 
264 0 0 121 242 
0 0 632 121 242 
476 632 0 0 304 
476 0 0 474 304 
0 632 0 474 304 
0 632 0 474 304 
0 121 474 0 231 
439 121 474 0 0 
439 121 0 0 231 
439 0 474 0 231 
0 121 474 0 231 
439 121 474 0 0 
0 242 304 231 0 
266 242 304 0 0 
266 242 304 0 0 
0 242 304 231 0 
0 242 304 231 0 

617.4
1 0.0 0.0
2 482.0 33.0
3 142.0 14.0
4 156.0 6.0
5 102.0 19.0
