5 32 4

0 360 616 521 623 
360 0 109 625 604 
616 109 0 247 211 
521 625 247 0 111 
623 604 211 111 0 

0 54 34 58 42 
54 0 87 56 30 
34 87 0 74 69 
58 56 74 0 64 
42 30 69 64 0 

111.0 162.0 1 2
159.0 102.0 1 3
159.0 126.0 1 5
143.0 162.0 1 2
127.0 174.0 1 4
143.0 162.0 1 2
159.0 261.0 2 3
159.0 162.0 2 1
111.0 90.0 2 5
143.0 162.0 2 1
95.0 90.0 2 5
159.0 168.0 2 4
127.0 102.0 3 1
159.0 222.0 3 4
95.0 261.0 3 2
95.0 261.0 3 2
111.0 102.0 3 1
159.0 261.0 3 2
127.0 174.0 4 1
159.0 222.0 4 3
159.0 168.0 4 2
127.0 192.0 4 5
111.0 222.0 4 3
127.0 222.0 4 3
95.0 192.0 5 4
111.0 192.0 5 4
127.0 192.0 5 4
143.0 192.0 5 4
143.0 126.0 5 1
159.0 192.0 5 4
143.0 192.0 5 4
95.0 192.0 5 4

0 0 469 521 623 
0 360 0 521 623 
0 360 469 521 0 
0 0 469 521 623 
0 360 469 0 623 
0 0 469 521 623 
360 0 0 625 604 
0 0 109 625 604 
360 0 109 625 0 
0 0 109 625 604 
360 0 109 625 0 
360 0 109 0 604 
0 109 0 247 211 
616 109 0 0 211 
616 0 0 247 211 
616 0 0 247 211 
0 109 0 247 211 
616 0 0 247 211 
0 625 247 0 111 
521 625 0 0 111 
521 0 247 0 111 
521 625 247 0 0 
521 625 0 0 111 
521 625 0 0 111 
623 604 211 0 0 
623 604 211 0 0 
623 604 211 0 0 
623 604 211 0 0 
0 604 211 111 0 
623 604 211 0 0 
623 604 211 0 0 
623 604 211 0 0 

1003.8
1 0.0 0.0
2 524.0 38.0
3 302.0 6.0
4 269.0 16.0
5 339.0 10.0
