50 549 4

0 514 534 495 661 466 433 544 195 621 683 408 394 559 192 103 239 515 686 306 551 620 637 605 158 686 181 483 358 639 105 143 647 429 255 589 629 180 585 459 200 276 261 349 396 237 480 586 688 273 
514 0 570 649 228 548 467 527 219 434 484 560 480 197 384 678 333 217 696 411 399 359 173 480 429 226 225 104 271 353 695 132 132 329 489 515 315 351 255 421 203 335 101 556 414 395 558 616 304 156 
534 570 0 540 278 317 318 666 684 697 291 225 611 305 215 374 265 294 506 196 306 338 391 326 155 459 121 549 139 588 573 543 575 355 480 345 104 541 677 579 298 525 523 441 316 644 697 371 623 275 
495 649 540 0 599 322 468 548 675 378 151 302 196 175 154 350 102 456 495 514 514 577 518 210 577 420 415 608 206 367 421 606 133 521 456 670 156 573 445 588 244 129 243 672 371 441 668 232 490 276 
661 228 278 599 0 550 459 246 209 205 288 189 482 327 620 111 405 132 578 167 212 544 236 116 603 319 624 632 262 459 558 676 381 413 622 174 600 262 695 128 316 184 210 342 304 694 349 244 297 500 
466 548 317 322 550 0 547 114 672 269 129 621 622 575 507 290 126 557 348 146 160 529 493 461 470 275 620 612 599 371 390 423 258 519 600 255 605 529 343 418 258 113 216 185 226 442 433 599 292 579 
433 467 318 468 459 547 0 357 480 190 660 415 147 396 443 374 614 415 426 183 101 396 423 577 174 429 464 137 612 445 512 645 253 693 227 509 274 556 217 366 691 403 163 401 149 358 584 104 266 318 
544 527 666 548 246 114 357 0 681 201 170 155 673 611 555 687 123 156 395 166 423 389 565 561 357 549 152 258 437 314 256 674 104 311 550 286 462 319 443 464 613 152 477 642 442 522 315 549 512 582 
195 219 684 675 209 672 480 681 0 243 287 218 260 189 235 566 180 404 187 113 118 665 368 361 654 323 650 178 583 335 187 577 424 351 621 142 571 283 468 394 170 401 350 125 269 193 511 474 526 354 
621 434 697 378 205 269 190 201 243 0 202 233 462 235 665 593 304 447 189 440 514 680 569 448 621 326 585 185 442 245 160 277 692 144 582 531 140 101 233 107 311 159 555 403 228 410 673 388 594 271 
683 484 291 151 288 129 660 170 287 202 0 483 476 295 356 543 432 483 182 312 462 506 477 501 165 232 229 188 585 414 213 620 231 483 142 562 529 327 210 171 142 593 518 553 153 472 573 497 220 134 
408 560 225 302 189 621 415 155 218 233 483 0 642 528 514 688 329 366 582 346 275 603 315 471 253 470 560 654 404 332 191 161 151 629 155 551 176 586 484 137 440 643 217 210 270 445 640 199 660 152 
394 480 611 196 482 622 147 673 260 462 476 642 0 548 301 159 327 132 234 216 281 580 420 172 444 258 374 492 665 216 577 138 522 265 383 217 544 553 179 215 249 477 524 466 407 380 111 356 228 217 
559 197 305 175 327 575 396 611 189 235 295 528 548 0 180 676 673 606 585 178 134 422 307 351 132 567 444 119 542 475 542 132 421 394 533 552 330 213 130 542 647 201 595 254 215 389 616 251 500 690 
192 384 215 154 620 507 443 555 235 665 356 514 301 180 0 185 187 487 495 380 410 481 526 266 387 216 159 201 317 550 574 628 421 436 155 622 486 563 174 693 546 379 149 139 259 460 476 489 642 314 
103 678 374 350 111 290 374 687 566 593 543 688 159 676 185 0 168 660 579 366 616 105 163 622 600 500 336 535 507 684 315 249 500 523 580 281 689 666 547 628 405 393 630 230 105 515 604 315 630 239 
239 333 265 102 405 126 614 123 180 304 432 329 327 673 187 168 0 356 269 137 108 539 316 195 468 576 691 596 449 214 167 444 358 621 355 230 676 301 358 633 548 441 614 204 588 532 254 653 347 642 
515 217 294 456 132 557 415 156 404 447 483 366 132 606 487 660 356 0 467 509 606 693 452 516 413 651 592 157 368 616 409 102 450 198 326 231 320 157 134 412 411 368 472 632 280 238 384 472 465 602 
686 696 506 495 578 348 426 395 187 189 182 582 234 585 495 579 269 467 0 324 697 317 560 380 319 378 443 176 459 443 376 579 223 628 577 485 634 242 431 263 595 688 671 535 675 212 383 476 516 159 
306 411 196 514 167 146 183 166 113 440 312 346 216 178 380 366 137 509 324 0 478 555 639 595 173 143 639 688 486 112 304 391 671 602 611 200 315 526 225 286 341 301 161 319 274 673 672 538 362 246 
551 399 306 514 212 160 101 423 118 514 462 275 281 134 410 616 108 606 697 478 0 244 377 315 357 557 430 466 242 441 122 510 547 482 112 491 577 621 473 128 307 218 400 182 693 691 429 437 112 156 
620 359 338 577 544 529 396 389 665 680 506 603 580 422 481 105 539 693 317 555 244 0 543 564 203 405 570 612 519 478 161 603 192 496 213 248 391 428 211 551 332 194 659 363 129 472 452 355 266 381 
637 173 391 518 236 493 423 565 368 569 477 315 420 307 526 163 316 452 560 639 377 543 0 206 195 505 425 464 128 325 355 159 255 610 438 568 602 509 673 180 392 174 586 330 272 319 206 563 666 540 
605 480 326 210 116 461 577 561 361 448 501 471 172 351 266 622 195 516 380 595 315 564 206 0 151 671 114 600 683 125 650 343 420 319 523 411 178 340 223 221 473 446 262 245 448 388 506 381 648 187 
158 429 155 577 603 470 174 357 654 621 165 253 444 132 387 600 468 413 319 173 357 203 195 151 0 545 447 684 213 368 447 131 147 159 380 376 166 652 287 450 481 279 462 437 595 519 451 124 601 464 
686 226 459 420 319 275 429 549 323 326 232 470 258 567 216 500 576 651 378 143 557 405 505 671 545 0 284 232 640 306 520 466 136 655 255 521 460 224 520 385 141 316 360 176 678 287 174 598 699 139 
181 225 121 415 624 620 464 152 650 585 229 560 374 444 159 336 691 592 443 639 430 570 425 114 447 284 0 452 560 251 629 263 481 572 230 455 318 109 436 282 220 503 285 588 529 444 144 129 563 218 
483 104 549 608 632 612 137 258 178 185 188 654 492 119 201 535 596 157 176 688 466 612 464 600 684 232 452 0 512 306 361 569 549 294 348 255 200 208 425 190 555 446 494 539 108 537 598 167 364 496 
358 271 139 206 262 599 612 437 583 442 585 404 665 542 317 507 449 368 459 486 242 519 128 683 213 640 560 512 0 299 674 399 688 359 267 346 287 319 628 556 254 485 218 411 251 584 331 452 182 218 
639 353 588 367 459 371 445 314 335 245 414 332 216 475 550 684 214 616 443 112 441 478 325 125 368 306 251 306 299 0 448 279 316 222 490 516 343 692 185 614 351 226 495 330 105 504 562 211 581 464 
105 695 573 421 558 390 512 256 187 160 213 191 577 542 574 315 167 409 376 304 122 161 355 650 447 520 629 361 674 448 0 633 414 238 585 142 533 499 351 257 523 546 480 478 187 500 501 285 661 404 
143 132 543 606 676 423 645 674 577 277 620 161 138 132 628 249 444 102 579 391 510 603 159 343 131 466 263 569 399 279 633 0 499 439 485 328 573 224 113 530 664 360 376 305 474 603 514 112 288 592 
647 132 575 133 381 258 253 104 424 692 231 151 522 421 421 500 358 450 223 671 547 192 255 420 147 136 481 549 688 316 414 499 0 535 288 355 319 496 321 550 644 404 556 495 480 504 364 167 150 647 
429 329 355 521 413 519 693 311 351 144 483 629 265 394 436 523 621 198 628 602 482 496 610 319 159 655 572 294 359 222 238 439 535 0 258 336 251 521 176 650 174 507 221 577 624 563 263 487 365 285 
255 489 480 456 622 600 227 550 621 582 142 155 383 533 155 580 355 326 577 611 112 213 438 523 380 255 230 348 267 490 585 485 288 258 0 207 466 640 679 518 337 677 654 654 472 239 379 131 486 602 
589 515 345 670 174 255 509 286 142 531 562 551 217 552 622 281 230 231 485 200 491 248 568 411 376 521 455 255 346 516 142 328 355 336 207 0 366 672 383 506 333 645 491 283 369 478 186 330 317 167 
629 315 104 156 600 605 274 462 571 140 529 176 544 330 486 689 676 320 634 315 577 391 602 178 166 460 318 200 287 343 533 573 319 251 466 366 0 210 120 563 636 206 639 637 637 533 277 245 319 109 
180 351 541 573 262 529 556 319 283 101 327 586 553 213 563 666 301 157 242 526 621 428 509 340 652 224 109 208 319 692 499 224 496 521 640 672 210 0 518 242 245 682 646 423 477 686 507 681 447 198 
585 255 677 445 695 343 217 443 468 233 210 484 179 130 174 547 358 134 431 225 473 211 673 223 287 520 436 425 628 185 351 113 321 176 679 383 120 518 0 241 582 176 663 231 612 661 252 382 293 379 
459 421 579 588 128 418 366 464 394 107 171 137 215 542 693 628 633 412 263 286 128 551 180 221 450 385 282 190 556 614 257 530 550 650 518 506 563 242 241 0 197 658 485 459 605 561 101 530 568 673 
200 203 298 244 316 258 691 613 170 311 142 440 249 647 546 405 548 411 595 341 307 332 392 473 481 141 220 555 254 351 523 664 644 174 337 333 636 245 582 197 0 552 103 599 678 454 198 586 233 610 
276 335 525 129 184 113 403 152 401 159 593 643 477 201 379 393 441 368 688 301 218 194 174 446 279 316 503 446 485 226 546 360 404 507 677 645 206 682 176 658 552 0 338 369 284 605 254 694 625 390 
261 101 523 243 210 216 163 477 350 555 518 217 524 595 149 630 614 472 671 161 400 659 586 262 462 360 285 494 218 495 480 376 556 221 654 491 639 646 663 485 103 338 0 236 666 451 639 175 347 196 
349 556 441 672 342 185 401 642 125 403 553 210 466 254 139 230 204 632 535 319 182 363 330 245 437 176 588 539 411 330 478 305 495 577 654 283 637 423 231 459 599 369 236 0 188 547 390 205 378 517 
396 414 316 371 304 226 149 442 269 228 153 270 407 215 259 105 588 280 675 274 693 129 272 448 595 678 529 108 251 105 187 474 480 624 472 369 637 477 612 605 678 284 666 188 0 415 156 673 236 491 
237 395 644 441 694 442 358 522 193 410 472 445 380 389 460 515 532 238 212 673 691 472 319 388 519 287 444 537 584 504 500 603 504 563 239 478 533 686 661 561 454 605 451 547 415 0 407 280 471 558 
480 558 697 668 349 433 584 315 511 673 573 640 111 616 476 604 254 384 383 672 429 452 206 506 451 174 144 598 331 562 501 514 364 263 379 186 277 507 252 101 198 254 639 390 156 407 0 328 556 376 
586 616 371 232 244 599 104 549 474 388 497 199 356 251 489 315 653 472 476 538 437 355 563 381 124 598 129 167 452 211 285 112 167 487 131 330 245 681 382 530 586 694 175 205 673 280 328 0 189 169 
688 304 623 490 297 292 266 512 526 594 220 660 228 500 642 630 347 465 516 362 112 266 666 648 601 699 563 364 182 581 661 288 150 365 486 317 319 447 293 568 233 625 347 378 236 471 556 189 0 436 
273 156 275 276 500 579 318 582 354 271 134 152 217 690 314 239 642 602 159 246 156 381 540 187 464 139 218 496 218 464 404 592 647 285 602 167 109 198 379 673 610 390 196 517 491 558 376 169 436 0 

0 40 40 53 47 53 52 51 84 57 30 33 33 47 86 75 74 57 24 90 48 49 39 48 86 37 77 37 99 52 76 83 21 29 76 54 43 94 25 56 60 90 80 89 41 84 55 27 20 96 
40 0 38 35 84 57 54 51 62 45 52 21 58 60 73 26 79 87 33 25 27 70 78 59 26 74 65 66 98 81 29 66 82 63 48 24 85 97 94 23 79 70 83 41 58 54 29 58 93 60 
40 38 0 36 97 98 80 39 32 27 77 93 26 72 65 60 92 95 43 73 92 64 62 61 70 28 76 32 86 34 22 52 47 85 39 81 66 54 25 48 90 33 23 22 68 30 25 96 29 79 
53 35 36 0 30 78 43 57 52 93 61 89 82 60 71 68 87 26 53 42 36 50 56 80 20 21 55 26 60 75 29 25 84 37 48 46 69 57 26 35 86 83 96 26 63 53 48 69 30 67 
47 84 97 30 0 39 41 95 85 80 71 61 50 73 48 72 29 88 29 63 79 59 64 61 57 60 27 56 67 27 43 20 86 21 40 62 27 99 36 76 78 93 69 98 82 37 73 79 66 49 
53 57 98 78 39 0 53 62 33 64 66 24 47 21 20 87 65 57 64 94 68 51 42 20 21 66 25 31 32 68 95 20 99 23 40 85 46 44 78 44 65 67 63 84 90 26 36 38 73 23 
52 54 80 43 41 53 0 94 57 66 53 31 91 39 59 90 28 31 39 73 90 47 42 33 94 27 21 76 53 42 26 50 99 43 69 21 67 31 73 88 57 53 95 50 80 99 25 85 71 96 
51 51 39 57 95 62 94 0 36 78 61 60 36 24 38 48 81 74 22 63 56 73 27 40 84 35 79 63 59 98 98 39 77 88 46 95 23 61 36 22 54 75 44 36 39 34 89 22 51 53 
84 62 32 52 85 33 57 36 0 83 69 96 79 86 84 43 99 48 69 72 88 56 95 76 53 82 21 90 38 87 62 26 59 97 28 72 57 75 59 24 88 47 89 79 65 82 28 44 41 90 
57 45 27 93 80 64 66 78 83 0 84 78 54 63 23 39 76 23 90 38 53 44 35 27 43 72 32 91 27 97 83 83 48 63 29 32 65 89 67 93 73 64 34 47 64 20 59 75 58 98 
30 52 77 61 71 66 53 61 69 84 0 50 39 76 71 49 29 23 78 60 35 35 45 33 72 97 70 86 25 21 73 38 73 54 87 41 24 75 73 63 82 51 55 25 80 41 44 45 68 67 
33 21 93 89 61 24 31 60 96 78 50 0 22 20 45 29 76 73 43 95 65 48 60 55 85 56 29 28 34 62 68 89 83 24 74 50 81 59 30 63 55 42 93 66 61 44 45 77 27 88 
33 58 26 82 50 47 91 36 79 54 39 22 0 56 77 99 71 62 69 65 93 44 57 86 46 89 88 55 34 70 44 76 20 93 98 77 45 50 80 95 63 31 48 44 49 84 88 81 86 83 
47 60 72 60 73 21 39 24 86 63 76 20 56 0 98 32 50 26 31 62 99 49 83 71 63 27 53 85 40 49 30 80 33 34 59 55 99 95 96 52 40 74 27 70 99 63 35 64 26 59 
86 73 65 71 48 20 59 38 84 23 71 45 77 98 0 91 79 42 57 86 49 21 59 72 80 66 62 71 69 34 54 29 34 50 88 35 48 26 71 43 55 65 77 82 68 26 43 56 44 71 
75 26 60 68 72 87 90 48 43 39 49 29 99 32 91 0 61 38 23 88 28 98 88 40 55 26 73 29 52 43 75 74 23 44 50 66 29 44 55 43 59 85 48 93 63 27 42 94 24 69 
74 79 92 87 29 65 28 81 99 76 29 76 71 50 79 61 0 70 91 74 63 58 84 65 49 54 29 47 56 94 85 32 79 56 69 66 42 75 63 43 54 48 23 98 40 52 66 56 65 51 
57 87 95 26 88 57 31 74 48 23 23 73 62 26 42 38 70 0 50 39 34 41 36 40 34 25 55 67 89 41 48 87 48 84 94 74 64 95 71 58 51 88 45 25 82 79 81 47 44 33 
24 33 43 53 29 64 39 22 69 90 78 43 69 31 57 23 91 50 0 66 25 80 57 66 88 72 47 70 37 42 77 39 71 27 36 26 23 66 54 88 35 55 28 58 47 78 63 38 26 60 
90 25 73 42 63 94 73 63 72 38 60 95 65 62 86 88 74 39 66 0 43 30 51 37 88 75 20 23 34 86 95 78 41 46 30 77 99 51 71 94 92 78 91 62 87 27 40 40 71 92 
48 27 92 36 79 68 90 56 88 53 35 65 93 99 49 28 63 34 25 43 0 60 68 63 83 50 20 55 91 49 83 40 20 48 82 30 49 38 33 84 88 93 22 62 53 31 52 55 83 72 
49 70 64 50 59 51 47 73 56 44 35 48 44 49 21 98 58 41 80 30 60 0 59 35 72 51 32 47 44 33 66 45 62 35 65 91 75 57 66 59 76 84 26 61 90 21 47 80 89 96 
39 78 62 56 64 42 42 27 95 35 45 60 57 83 59 88 84 36 57 51 68 59 0 86 64 22 43 28 89 87 97 61 65 53 20 34 36 24 46 91 89 80 32 65 65 83 83 30 32 40 
48 59 61 80 61 20 33 40 76 27 33 55 86 71 72 40 65 40 66 37 63 35 86 0 76 36 85 54 37 71 28 81 22 71 50 43 75 77 88 91 47 42 64 93 22 95 36 62 32 68 
86 26 70 20 57 21 94 84 53 43 72 85 46 63 80 55 49 34 88 88 83 72 64 76 0 39 33 49 64 75 43 69 66 89 96 81 66 32 64 28 23 84 49 21 46 39 58 94 28 22 
37 74 28 21 60 66 27 35 82 72 97 56 89 27 66 26 54 25 72 75 50 51 22 36 39 0 65 78 32 90 57 29 95 31 76 32 53 89 33 84 77 82 90 95 29 80 93 50 33 75 
77 65 76 55 27 25 21 79 21 32 70 29 88 53 62 73 29 55 47 20 20 32 43 85 33 65 0 53 58 67 28 60 46 36 65 55 99 90 46 70 67 53 93 22 37 47 78 77 45 72 
37 66 32 26 56 31 76 63 90 91 86 28 55 85 71 29 47 67 70 23 55 47 28 54 49 78 53 0 33 74 76 59 24 70 98 97 82 67 24 80 58 23 42 31 86 37 25 65 99 56 
99 98 86 60 67 32 53 59 38 27 25 34 34 40 69 52 56 89 37 34 91 44 89 37 64 32 58 33 0 95 43 22 37 84 76 94 60 61 40 45 66 28 89 52 71 50 66 22 95 81 
52 81 34 75 27 68 42 98 87 97 21 62 70 49 34 43 94 41 42 86 49 33 87 71 75 90 67 74 95 0 41 85 95 87 25 25 85 52 73 31 92 92 29 78 83 40 30 84 57 39 
76 29 22 29 43 95 26 98 62 83 73 68 44 30 54 75 85 48 77 95 83 66 97 28 43 57 28 76 43 41 0 41 47 88 34 65 56 51 70 97 58 44 50 34 73 39 23 86 53 52 
83 66 52 25 20 20 50 39 26 83 38 89 76 80 29 74 32 87 39 78 40 45 61 81 69 29 60 59 22 85 41 0 23 55 37 61 31 86 96 37 46 75 70 89 56 46 54 94 68 33 
21 82 47 84 86 99 99 77 59 48 73 83 20 33 34 23 79 48 71 41 20 62 65 22 66 95 46 24 37 95 47 23 0 41 70 72 90 51 88 47 40 26 51 56 57 22 71 72 77 57 
29 63 85 37 21 23 43 88 97 63 54 24 93 34 50 44 56 84 27 46 48 35 53 71 89 31 36 70 84 87 88 55 41 0 64 90 75 48 95 27 78 39 95 26 20 59 65 20 83 65 
76 48 39 48 40 40 69 46 28 29 87 74 98 59 88 50 69 94 36 30 82 65 20 50 96 76 65 98 76 25 34 37 70 64 0 61 54 24 20 46 75 53 51 47 30 62 73 80 49 41 
54 24 81 46 62 85 21 95 72 32 41 50 77 55 35 66 66 74 26 77 30 91 34 43 81 32 55 97 94 25 65 61 72 90 61 0 62 32 91 56 67 21 24 92 75 39 83 95 61 69 
43 85 66 69 27 46 67 23 57 65 24 81 45 99 48 29 42 64 23 99 49 75 36 75 66 53 99 82 60 85 56 31 90 75 54 62 0 71 69 21 27 99 24 26 25 59 79 82 65 75 
94 97 54 57 99 44 31 61 75 89 75 59 50 95 26 44 75 95 66 51 38 57 24 77 32 89 90 67 61 52 51 86 51 48 24 32 71 0 35 98 92 31 54 34 49 29 24 37 51 92 
25 94 25 26 36 78 73 36 59 67 73 30 80 96 71 55 63 71 54 71 33 66 46 88 64 33 46 24 40 73 70 96 88 95 20 91 69 35 0 87 38 78 22 98 54 30 81 82 98 76 
56 23 48 35 76 44 88 22 24 93 63 63 95 52 43 43 43 58 88 94 84 59 91 91 28 84 70 80 45 31 97 37 47 27 46 56 21 98 87 0 67 54 48 30 59 49 66 50 45 26 
60 79 90 86 78 65 57 54 88 73 82 55 63 40 55 59 54 51 35 92 88 76 89 47 23 77 67 58 66 92 58 46 40 78 75 67 27 92 38 67 0 20 95 37 48 32 72 37 96 25 
90 70 33 83 93 67 53 75 47 64 51 42 31 74 65 85 48 88 55 78 93 84 80 42 84 82 53 23 28 92 44 75 26 39 53 21 99 31 78 54 20 0 93 82 60 36 87 56 42 98 
80 83 23 96 69 63 95 44 89 34 55 93 48 27 77 48 23 45 28 91 22 26 32 64 49 90 93 42 89 29 50 70 51 95 51 24 24 54 22 48 95 93 0 88 53 38 26 85 67 77 
89 41 22 26 98 84 50 36 79 47 25 66 44 70 82 93 98 25 58 62 62 61 65 93 21 95 22 31 52 78 34 89 56 26 47 92 26 34 98 30 37 82 88 0 91 34 63 95 63 32 
41 58 68 63 82 90 80 39 65 64 80 61 49 99 68 63 40 82 47 87 53 90 65 22 46 29 37 86 71 83 73 56 57 20 30 75 25 49 54 59 48 60 53 91 0 31 64 44 77 33 
84 54 30 53 37 26 99 34 82 20 41 44 84 63 26 27 52 79 78 27 31 21 83 95 39 80 47 37 50 40 39 46 22 59 62 39 59 29 30 49 32 36 38 34 31 0 59 84 40 30 
55 29 25 48 73 36 25 89 28 59 44 45 88 35 43 42 66 81 63 40 52 47 83 36 58 93 78 25 66 30 23 54 71 65 73 83 79 24 81 66 72 87 26 63 64 59 0 83 20 79 
27 58 96 69 79 38 85 22 44 75 45 77 81 64 56 94 56 47 38 40 55 80 30 62 94 50 77 65 22 84 86 94 72 20 80 95 82 37 82 50 37 56 85 95 44 84 83 0 93 64 
20 93 29 30 66 73 71 51 41 58 68 27 86 26 44 24 65 44 26 71 83 89 32 32 28 33 45 99 95 57 53 68 77 83 49 61 65 51 98 45 96 42 67 63 77 40 20 93 0 41 
96 60 79 67 49 23 96 53 90 98 67 88 83 59 71 69 51 33 60 92 72 96 40 68 22 75 72 56 81 39 52 33 57 65 41 69 75 92 76 26 25 98 77 32 33 30 79 64 41 0 

801.0 129.0 1 37
1030.0 147.0 1 29
687.0 120.0 1 3
801.0 120.0 1 3
801.0 111.0 1 28
1144.0 165.0 1 44
1144.0 87.0 1 34
801.0 180.0 1 20
801.0 180.0 1 38
1030.0 132.0 1 32
916.0 129.0 1 37
1144.0 177.0 1 41
1144.0 165.0 1 44
801.0 156.0 1 7
916.0 147.0 1 22
1030.0 99.0 1 12
916.0 63.0 2 12
916.0 144.0 2 35
1144.0 180.0 2 14
1030.0 174.0 2 45
687.0 258.0 3 29
687.0 81.0 3 10
916.0 66.0 3 31
1030.0 69.0 3 43
1144.0 96.0 3 9
1144.0 186.0 3 23
1030.0 216.0 3 14
687.0 285.0 3 18
916.0 180.0 3 16
687.0 129.0 3 19
801.0 186.0 3 23
1144.0 87.0 3 49
801.0 213.0 4 15
687.0 252.0 4 33
916.0 240.0 4 24
1144.0 78.0 4 44
801.0 105.0 4 2
801.0 108.0 4 21
1030.0 180.0 4 14
801.0 90.0 4 49
916.0 78.0 4 39
801.0 219.0 5 47
801.0 147.0 5 50
687.0 177.0 5 22
801.0 150.0 5 13
687.0 144.0 5 15
916.0 264.0 5 18
801.0 168.0 5 28
1144.0 87.0 5 17
801.0 291.0 5 3
1144.0 237.0 5 21
1030.0 129.0 5 31
1030.0 198.0 5 49
1144.0 150.0 5 13
1144.0 60.0 6 32
1030.0 198.0 6 11
1030.0 126.0 6 23
687.0 195.0 6 17
1144.0 204.0 6 30
916.0 234.0 6 39
916.0 261.0 6 16
916.0 114.0 6 48
801.0 132.0 6 38
687.0 132.0 6 38
687.0 60.0 6 24
1030.0 108.0 6 47
916.0 285.0 6 31
801.0 195.0 6 41
687.0 270.0 7 21
916.0 99.0 7 24
687.0 63.0 7 36
801.0 177.0 7 15
1030.0 93.0 7 18
1030.0 93.0 7 18
1144.0 159.0 7 29
801.0 270.0 7 21
1144.0 156.0 7 1
1144.0 159.0 7 6
916.0 198.0 7 10
801.0 81.0 7 26
687.0 156.0 7 1
687.0 63.0 7 27
916.0 189.0 8 20
1030.0 285.0 8 5
1144.0 243.0 8 17
801.0 171.0 8 4
1144.0 186.0 8 6
916.0 270.0 9 50
687.0 228.0 9 24
1144.0 177.0 9 33
687.0 216.0 9 20
1030.0 285.0 9 23
801.0 63.0 9 27
801.0 246.0 9 46
1144.0 237.0 9 13
1144.0 207.0 9 19
1030.0 141.0 9 42
1030.0 63.0 9 27
687.0 72.0 9 40
801.0 261.0 9 30
801.0 297.0 9 17
801.0 105.0 10 23
1030.0 144.0 10 33
687.0 294.0 10 50
801.0 102.0 10 43
1030.0 195.0 10 37
687.0 279.0 10 40
916.0 294.0 10 50
916.0 192.0 10 45
687.0 141.0 10 44
1030.0 231.0 11 3
1144.0 204.0 11 49
687.0 234.0 11 19
916.0 252.0 11 10
916.0 72.0 11 37
1144.0 159.0 11 7
916.0 72.0 11 37
916.0 75.0 11 29
1144.0 207.0 11 9
687.0 165.0 11 43
1144.0 267.0 12 4
801.0 102.0 12 29
687.0 198.0 12 44
687.0 135.0 12 47
687.0 165.0 12 41
687.0 87.0 12 16
801.0 288.0 12 9
801.0 81.0 12 49
1030.0 189.0 12 40
916.0 204.0 12 31
801.0 102.0 12 29
801.0 249.0 12 33
801.0 180.0 12 23
1030.0 288.0 12 9
687.0 129.0 12 19
801.0 150.0 12 11
1030.0 168.0 13 14
1030.0 243.0 13 48
1030.0 279.0 13 34
801.0 279.0 13 21
687.0 132.0 13 31
801.0 246.0 13 4
1144.0 240.0 13 39
1030.0 108.0 13 8
687.0 102.0 14 34
1144.0 156.0 14 40
801.0 216.0 14 3
1030.0 219.0 14 5
801.0 78.0 14 18
916.0 63.0 14 6
916.0 180.0 14 4
801.0 78.0 14 49
1030.0 168.0 14 13
1030.0 216.0 14 3
1030.0 150.0 14 17
1144.0 72.0 14 8
916.0 189.0 14 10
687.0 189.0 14 46
801.0 195.0 15 42
1144.0 213.0 15 50
687.0 60.0 15 6
1144.0 144.0 15 37
801.0 213.0 15 39
916.0 78.0 15 38
1144.0 105.0 15 36
1030.0 117.0 16 10
1144.0 183.0 16 17
801.0 150.0 16 35
916.0 117.0 16 10
916.0 132.0 16 38
1030.0 219.0 16 27
1144.0 216.0 16 5
687.0 156.0 16 29
687.0 255.0 17 31
687.0 87.0 17 5
916.0 96.0 17 32
687.0 228.0 17 10
1030.0 183.0 17 16
1030.0 84.0 17 7
687.0 198.0 17 47
916.0 189.0 17 39
1144.0 174.0 17 22
1144.0 237.0 17 2
916.0 87.0 17 5
687.0 153.0 17 50
801.0 252.0 17 23
801.0 183.0 17 16
1030.0 144.0 18 31
1030.0 285.0 18 38
801.0 171.0 18 6
1144.0 120.0 18 24
916.0 174.0 18 40
916.0 210.0 18 17
1144.0 213.0 18 39
916.0 246.0 18 45
1030.0 66.0 19 8
1030.0 105.0 19 41
801.0 117.0 19 7
916.0 99.0 19 2
1030.0 105.0 19 41
801.0 141.0 19 27
1030.0 207.0 19 9
916.0 111.0 19 29
687.0 78.0 19 49
801.0 141.0 19 27
1144.0 108.0 19 35
1030.0 171.0 19 23
801.0 69.0 19 16
687.0 81.0 19 34
801.0 93.0 19 14
1030.0 102.0 20 29
687.0 270.0 20 1
801.0 138.0 20 34
916.0 120.0 20 47
1030.0 189.0 20 5
1030.0 189.0 20 5
916.0 258.0 20 30
916.0 129.0 20 21
916.0 258.0 20 15
801.0 234.0 20 32
687.0 225.0 20 26
801.0 219.0 20 7
801.0 234.0 20 32
687.0 219.0 20 3
916.0 231.0 20 36
1030.0 90.0 20 35
1030.0 156.0 21 47
1144.0 147.0 21 37
1144.0 165.0 21 48
801.0 237.0 21 5
916.0 180.0 21 22
687.0 273.0 21 29
1144.0 102.0 21 18
1030.0 165.0 21 48
687.0 165.0 21 48
1144.0 90.0 22 20
1030.0 210.0 22 2
801.0 252.0 22 42
1144.0 183.0 22 44
1030.0 216.0 22 25
1144.0 273.0 22 36
1144.0 171.0 22 38
1030.0 150.0 22 4
801.0 252.0 22 42
687.0 105.0 22 34
916.0 216.0 22 25
1030.0 153.0 22 6
916.0 96.0 22 27
1144.0 141.0 22 28
687.0 105.0 22 24
687.0 180.0 22 21
801.0 120.0 23 50
1030.0 66.0 23 26
916.0 168.0 23 4
1144.0 252.0 23 17
687.0 249.0 23 47
687.0 168.0 23 4
801.0 264.0 23 16
801.0 102.0 23 36
916.0 186.0 23 3
801.0 186.0 23 3
801.0 81.0 24 10
687.0 183.0 24 3
687.0 204.0 24 50
1144.0 66.0 24 33
801.0 84.0 24 31
801.0 243.0 24 32
1030.0 240.0 24 4
1030.0 60.0 24 6
916.0 162.0 24 28
1144.0 183.0 24 5
687.0 120.0 24 18
916.0 69.0 25 41
1144.0 264.0 25 20
687.0 288.0 25 35
687.0 63.0 25 6
916.0 84.0 25 40
1144.0 117.0 25 26
687.0 228.0 25 24
801.0 60.0 25 4
916.0 138.0 25 13
1030.0 171.0 25 5
1030.0 84.0 25 49
916.0 69.0 25 41
916.0 249.0 25 21
1030.0 252.0 25 8
916.0 174.0 25 47
1144.0 198.0 26 15
1030.0 240.0 26 46
916.0 96.0 26 36
916.0 87.0 26 32
1030.0 234.0 26 28
916.0 234.0 27 47
1144.0 297.0 27 37
801.0 159.0 27 28
916.0 96.0 27 22
687.0 186.0 27 15
916.0 129.0 27 23
1144.0 201.0 27 30
687.0 195.0 27 2
916.0 99.0 27 25
916.0 228.0 28 7
1144.0 291.0 28 36
1030.0 210.0 28 34
801.0 195.0 28 48
801.0 102.0 29 20
916.0 294.0 29 2
687.0 102.0 29 12
801.0 213.0 29 45
1030.0 243.0 29 50
687.0 81.0 29 10
1030.0 66.0 29 48
1030.0 99.0 29 28
916.0 285.0 29 30
801.0 156.0 29 44
916.0 201.0 29 5
1030.0 120.0 29 14
801.0 243.0 29 50
1144.0 180.0 29 4
916.0 252.0 29 34
687.0 243.0 29 50
1144.0 210.0 30 13
1144.0 117.0 30 50
916.0 63.0 30 11
1030.0 75.0 30 35
1030.0 75.0 30 36
801.0 225.0 30 25
1030.0 291.0 30 10
687.0 222.0 30 28
801.0 126.0 30 19
916.0 147.0 30 14
687.0 75.0 30 36
687.0 102.0 30 15
1030.0 156.0 30 38
1144.0 261.0 30 34
1030.0 276.0 30 41
687.0 93.0 30 40
916.0 285.0 31 6
1030.0 129.0 31 5
916.0 69.0 31 47
687.0 291.0 31 40
1030.0 285.0 31 20
1030.0 249.0 31 10
687.0 129.0 31 25
1030.0 267.0 32 44
916.0 240.0 32 14
687.0 258.0 32 38
916.0 243.0 32 24
1144.0 261.0 32 18
801.0 243.0 32 24
916.0 282.0 32 48
1030.0 222.0 32 16
1144.0 210.0 32 43
687.0 234.0 32 20
1144.0 258.0 32 38
1030.0 183.0 32 36
916.0 168.0 32 45
1030.0 66.0 32 29
1030.0 120.0 32 21
801.0 63.0 33 1
1144.0 123.0 33 20
801.0 216.0 33 48
801.0 198.0 33 25
687.0 213.0 33 47
1030.0 102.0 33 15
801.0 198.0 33 25
801.0 153.0 33 38
1144.0 171.0 33 45
687.0 120.0 33 41
916.0 249.0 33 12
1144.0 123.0 33 20
801.0 189.0 34 2
687.0 60.0 34 45
1144.0 189.0 34 2
1030.0 261.0 34 30
1030.0 111.0 34 4
1144.0 189.0 34 2
1030.0 144.0 34 21
687.0 252.0 34 18
916.0 144.0 34 38
1030.0 189.0 34 2
916.0 285.0 34 39
916.0 60.0 34 45
1144.0 159.0 34 23
1030.0 225.0 34 37
1144.0 189.0 34 10
1030.0 177.0 34 46
1144.0 228.0 35 1
801.0 147.0 35 49
687.0 120.0 35 5
916.0 60.0 35 39
1030.0 111.0 35 32
687.0 102.0 35 31
1030.0 288.0 35 25
1144.0 261.0 35 11
916.0 243.0 36 3
687.0 63.0 36 7
1030.0 129.0 36 24
916.0 150.0 36 12
801.0 165.0 36 27
916.0 138.0 36 4
1030.0 216.0 36 33
801.0 162.0 36 1
1030.0 183.0 36 49
687.0 273.0 36 22
916.0 78.0 36 19
1030.0 201.0 37 7
1030.0 246.0 37 48
801.0 87.0 37 16
801.0 255.0 37 2
1030.0 243.0 37 12
916.0 213.0 37 38
916.0 135.0 37 13
687.0 246.0 37 48
916.0 195.0 37 49
687.0 147.0 37 21
1030.0 72.0 37 43
801.0 126.0 37 17
1030.0 207.0 37 4
1144.0 198.0 37 25
801.0 156.0 38 30
1030.0 276.0 38 41
1030.0 282.0 38 1
1030.0 72.0 38 23
916.0 258.0 38 32
1144.0 72.0 38 23
916.0 132.0 38 6
1030.0 132.0 38 16
687.0 171.0 38 22
1144.0 72.0 38 35
916.0 225.0 38 17
801.0 201.0 38 28
1144.0 132.0 38 16
1030.0 153.0 38 49
916.0 288.0 39 32
687.0 213.0 39 20
916.0 138.0 39 23
1030.0 90.0 39 46
1144.0 243.0 39 47
687.0 165.0 39 16
801.0 78.0 39 4
687.0 162.0 39 19
1144.0 288.0 39 32
916.0 261.0 39 40
916.0 138.0 39 27
687.0 99.0 39 21
1030.0 162.0 39 19
687.0 228.0 39 50
916.0 111.0 40 32
801.0 189.0 40 12
687.0 141.0 40 33
1144.0 189.0 40 11
801.0 168.0 40 1
916.0 141.0 40 33
801.0 147.0 40 46
1030.0 279.0 40 10
687.0 150.0 40 48
1144.0 90.0 40 44
916.0 90.0 40 44
916.0 291.0 40 31
916.0 177.0 40 45
916.0 177.0 40 22
916.0 135.0 40 29
801.0 174.0 41 28
1030.0 69.0 41 25
1030.0 180.0 41 1
687.0 174.0 41 28
1030.0 159.0 42 35
687.0 264.0 42 18
1030.0 201.0 42 6
687.0 162.0 42 40
687.0 255.0 42 16
1030.0 270.0 42 1
687.0 162.0 42 40
1144.0 69.0 42 28
1030.0 108.0 42 46
1144.0 159.0 42 35
687.0 99.0 42 3
1030.0 252.0 42 25
916.0 126.0 42 49
916.0 78.0 42 33
1144.0 144.0 42 17
801.0 153.0 42 11
916.0 270.0 43 26
1144.0 87.0 43 30
1144.0 144.0 43 13
801.0 114.0 43 46
687.0 153.0 43 33
1030.0 102.0 43 10
1030.0 231.0 43 15
1030.0 153.0 43 33
916.0 135.0 43 18
687.0 231.0 43 50
1144.0 78.0 43 47
1144.0 285.0 43 41
916.0 192.0 43 24
801.0 132.0 44 13
801.0 186.0 44 20
1144.0 246.0 44 42
801.0 150.0 44 7
1144.0 78.0 44 34
687.0 252.0 44 6
916.0 225.0 45 36
687.0 90.0 45 35
687.0 87.0 45 26
1030.0 219.0 45 31
1030.0 240.0 45 11
801.0 171.0 45 33
687.0 192.0 45 10
1144.0 90.0 45 35
801.0 87.0 45 26
1030.0 258.0 45 28
687.0 78.0 46 6
801.0 162.0 46 2
1144.0 117.0 46 25
1144.0 66.0 46 33
687.0 243.0 47 18
1144.0 243.0 47 39
1030.0 177.0 47 46
1030.0 249.0 47 23
1030.0 75.0 47 7
801.0 219.0 47 35
916.0 120.0 47 20
916.0 141.0 47 22
916.0 249.0 47 36
1144.0 162.0 47 32
1030.0 72.0 47 38
1144.0 198.0 47 29
1144.0 267.0 47 8
801.0 108.0 47 24
916.0 75.0 47 7
687.0 168.0 48 42
916.0 60.0 48 34
801.0 114.0 48 6
801.0 168.0 48 17
916.0 216.0 48 33
1144.0 174.0 48 2
801.0 150.0 48 26
1144.0 285.0 48 36
916.0 240.0 48 35
687.0 153.0 49 8
801.0 123.0 49 9
916.0 132.0 49 18
687.0 147.0 49 35
801.0 168.0 50 28
1030.0 288.0 50 1
1144.0 207.0 50 36
1144.0 237.0 50 3
687.0 294.0 50 42

0 514 302 341 214 365 328 333 195 265 318 296 262 275 192 103 239 245 382 306 227 208 266 295 158 341 181 316 358 313 105 143 305 317 255 247 0 180 256 342 200 276 261 320 208 237 325 255 339 273 
0 514 302 341 214 365 328 333 195 265 318 296 262 275 192 103 239 245 382 306 227 208 266 295 158 341 181 316 0 313 105 143 305 317 255 247 324 180 256 342 200 276 261 320 208 237 325 255 339 273 
0 514 0 341 214 365 328 333 195 265 318 296 262 275 192 103 239 245 382 306 227 208 266 295 158 341 181 316 358 313 105 143 305 317 255 247 324 180 256 342 200 276 261 320 208 237 325 255 339 273 
0 514 0 341 214 365 328 333 195 265 318 296 262 275 192 103 239 245 382 306 227 208 266 295 158 341 181 316 358 313 105 143 305 317 255 247 324 180 256 342 200 276 261 320 208 237 325 255 339 273 
0 514 302 341 214 365 328 333 195 265 318 296 262 275 192 103 239 245 382 306 227 208 266 295 158 341 181 0 358 313 105 143 305 317 255 247 324 180 256 342 200 276 261 320 208 237 325 255 339 273 
0 514 302 341 214 365 328 333 195 265 318 296 262 275 192 103 239 245 382 306 227 208 266 295 158 341 181 316 358 313 105 143 305 317 255 247 324 180 256 342 200 276 261 0 208 237 325 255 339 273 
0 514 302 341 214 365 328 333 195 265 318 296 262 275 192 103 239 245 382 306 227 208 266 295 158 341 181 316 358 313 105 143 305 0 255 247 324 180 256 342 200 276 261 320 208 237 325 255 339 273 
0 514 302 341 214 365 328 333 195 265 318 296 262 275 192 103 239 245 382 0 227 208 266 295 158 341 181 316 358 313 105 143 305 317 255 247 324 180 256 342 200 276 261 320 208 237 325 255 339 273 
0 514 302 341 214 365 328 333 195 265 318 296 262 275 192 103 239 245 382 306 227 208 266 295 158 341 181 316 358 313 105 143 305 317 255 247 324 0 256 342 200 276 261 320 208 237 325 255 339 273 
0 514 302 341 214 365 328 333 195 265 318 296 262 275 192 103 239 245 382 306 227 208 266 295 158 341 181 316 358 313 105 0 305 317 255 247 324 180 256 342 200 276 261 320 208 237 325 255 339 273 
0 514 302 341 214 365 328 333 195 265 318 296 262 275 192 103 239 245 382 306 227 208 266 295 158 341 181 316 358 313 105 143 305 317 255 247 0 180 256 342 200 276 261 320 208 237 325 255 339 273 
0 514 302 341 214 365 328 333 195 265 318 296 262 275 192 103 239 245 382 306 227 208 266 295 158 341 181 316 358 313 105 143 305 317 255 247 324 180 256 342 0 276 261 320 208 237 325 255 339 273 
0 514 302 341 214 365 328 333 195 265 318 296 262 275 192 103 239 245 382 306 227 208 266 295 158 341 181 316 358 313 105 143 305 317 255 247 324 180 256 342 200 276 261 0 208 237 325 255 339 273 
0 514 302 341 214 365 0 333 195 265 318 296 262 275 192 103 239 245 382 306 227 208 266 295 158 341 181 316 358 313 105 143 305 317 255 247 324 180 256 342 200 276 261 320 208 237 325 255 339 273 
0 514 302 341 214 365 328 333 195 265 318 296 262 275 192 103 239 245 382 306 227 0 266 295 158 341 181 316 358 313 105 143 305 317 255 247 324 180 256 342 200 276 261 320 208 237 325 255 339 273 
0 514 302 341 214 365 328 333 195 265 318 0 262 275 192 103 239 245 382 306 227 208 266 295 158 341 181 316 358 313 105 143 305 317 255 247 324 180 256 342 200 276 261 320 208 237 325 255 339 273 
514 0 570 649 228 548 467 527 219 434 484 0 480 197 384 678 333 217 696 411 399 359 173 480 429 226 225 104 271 353 695 132 132 329 489 515 315 351 255 421 203 335 101 556 414 395 558 616 304 156 
514 0 570 649 228 548 467 527 219 434 484 560 480 197 384 678 333 217 696 411 399 359 173 480 429 226 225 104 271 353 695 132 132 329 0 515 315 351 255 421 203 335 101 556 414 395 558 616 304 156 
514 0 570 649 228 548 467 527 219 434 484 560 480 0 384 678 333 217 696 411 399 359 173 480 429 226 225 104 271 353 695 132 132 329 489 515 315 351 255 421 203 335 101 556 414 395 558 616 304 156 
514 0 570 649 228 548 467 527 219 434 484 560 480 197 384 678 333 217 696 411 399 359 173 480 429 226 225 104 271 353 695 132 132 329 489 515 315 351 255 421 203 335 101 556 0 395 558 616 304 156 
534 570 0 540 278 317 318 666 684 697 291 225 611 305 215 374 265 294 506 196 306 338 391 326 155 459 121 549 0 588 573 543 575 355 480 345 104 541 677 579 298 525 523 441 316 644 697 371 623 275 
534 570 0 540 278 317 318 666 684 0 291 225 611 305 215 374 265 294 506 196 306 338 391 326 155 459 121 549 139 588 573 543 575 355 480 345 104 541 677 579 298 525 523 441 316 644 697 371 623 275 
534 570 0 540 278 317 318 666 684 697 291 225 611 305 215 374 265 294 506 196 306 338 391 326 155 459 121 549 139 588 0 543 575 355 480 345 104 541 677 579 298 525 523 441 316 644 697 371 623 275 
534 570 0 540 278 317 318 666 684 697 291 225 611 305 215 374 265 294 506 196 306 338 391 326 155 459 121 549 139 588 573 543 575 355 480 345 104 541 677 579 298 525 0 441 316 644 697 371 623 275 
534 570 0 540 278 317 318 666 0 697 291 225 611 305 215 374 265 294 506 196 306 338 391 326 155 459 121 549 139 588 573 543 575 355 480 345 104 541 677 579 298 525 523 441 316 644 697 371 623 275 
534 570 0 540 278 317 318 666 684 697 291 225 611 305 215 374 265 294 506 196 306 338 0 326 155 459 121 549 139 588 573 543 575 355 480 345 104 541 677 579 298 525 523 441 316 644 697 371 623 275 
534 570 0 540 278 317 318 666 684 697 291 225 611 0 215 374 265 294 506 196 306 338 391 326 155 459 121 549 139 588 573 543 575 355 480 345 104 541 677 579 298 525 523 441 316 644 697 371 623 275 
534 570 0 540 278 317 318 666 684 697 291 225 611 305 215 374 265 0 506 196 306 338 391 326 155 459 121 549 139 588 573 543 575 355 480 345 104 541 677 579 298 525 523 441 316 644 697 371 623 275 
534 570 0 540 278 317 318 666 684 697 291 225 611 305 215 0 265 294 506 196 306 338 391 326 155 459 121 549 139 588 573 543 575 355 480 345 104 541 677 579 298 525 523 441 316 644 697 371 623 275 
534 570 0 540 278 317 318 666 684 697 291 225 611 305 215 374 265 294 0 196 306 338 391 326 155 459 121 549 139 588 573 543 575 355 480 345 104 541 677 579 298 525 523 441 316 644 697 371 623 275 
534 570 0 540 278 317 318 666 684 697 291 225 611 305 215 374 265 294 506 196 306 338 0 326 155 459 121 549 139 588 573 543 575 355 480 345 104 541 677 579 298 525 523 441 316 644 697 371 623 275 
534 570 0 540 278 317 318 666 684 697 291 225 611 305 215 374 265 294 506 196 306 338 391 326 155 459 121 549 139 588 573 543 575 355 480 345 104 541 677 579 298 525 523 441 316 644 697 371 0 275 
495 649 540 0 599 322 468 548 675 378 151 302 196 175 0 350 102 456 495 514 514 577 518 210 577 420 415 608 206 367 421 606 133 521 456 670 156 573 445 588 244 129 243 672 371 441 668 232 490 276 
495 649 540 0 599 322 468 548 675 378 151 302 196 175 154 350 102 456 495 514 514 577 518 210 577 420 415 608 206 367 421 606 0 521 456 670 156 573 445 588 244 129 243 672 371 441 668 232 490 276 
495 649 540 0 599 322 468 548 675 378 151 302 196 175 154 350 102 456 495 514 514 577 518 0 577 420 415 608 206 367 421 606 133 521 456 670 156 573 445 588 244 129 243 672 371 441 668 232 490 276 
495 649 540 0 599 322 468 548 675 378 151 302 196 175 154 350 102 456 495 514 514 577 518 210 577 420 415 608 206 367 421 606 133 521 456 670 156 573 445 588 244 129 243 0 371 441 668 232 490 276 
495 0 540 0 599 322 468 548 675 378 151 302 196 175 154 350 102 456 495 514 514 577 518 210 577 420 415 608 206 367 421 606 133 521 456 670 156 573 445 588 244 129 243 672 371 441 668 232 490 276 
495 649 540 0 599 322 468 548 675 378 151 302 196 175 154 350 102 456 495 514 0 577 518 210 577 420 415 608 206 367 421 606 133 521 456 670 156 573 445 588 244 129 243 672 371 441 668 232 490 276 
495 649 540 0 599 322 468 548 675 378 151 302 196 0 154 350 102 456 495 514 514 577 518 210 577 420 415 608 206 367 421 606 133 521 456 670 156 573 445 588 244 129 243 672 371 441 668 232 490 276 
495 649 540 0 599 322 468 548 675 378 151 302 196 175 154 350 102 456 495 514 514 577 518 210 577 420 415 608 206 367 421 606 133 521 456 670 156 573 445 588 244 129 243 672 371 441 668 232 0 276 
495 649 540 0 599 322 468 548 675 378 151 302 196 175 154 350 102 456 495 514 514 577 518 210 577 420 415 608 206 367 421 606 133 521 456 670 156 573 0 588 244 129 243 672 371 441 668 232 490 276 
661 228 278 599 0 550 459 246 209 205 288 189 482 327 620 111 405 132 578 167 212 544 236 116 603 319 624 632 262 459 558 676 381 413 622 174 600 262 695 128 316 184 210 342 304 694 0 244 297 500 
661 228 278 599 0 550 459 246 209 205 288 189 482 327 620 111 405 132 578 167 212 544 236 116 603 319 624 632 262 459 558 676 381 413 622 174 600 262 695 128 316 184 210 342 304 694 349 244 297 0 
661 228 278 599 0 550 459 246 209 205 288 189 482 327 620 111 405 132 578 167 212 0 236 116 603 319 624 632 262 459 558 676 381 413 622 174 600 262 695 128 316 184 210 342 304 694 349 244 297 500 
661 228 278 599 0 550 459 246 209 205 288 189 0 327 620 111 405 132 578 167 212 544 236 116 603 319 624 632 262 459 558 676 381 413 622 174 600 262 695 128 316 184 210 342 304 694 349 244 297 500 
661 228 278 599 0 550 459 246 209 205 288 189 482 327 0 111 405 132 578 167 212 544 236 116 603 319 624 632 262 459 558 676 381 413 622 174 600 262 695 128 316 184 210 342 304 694 349 244 297 500 
661 228 278 599 0 550 459 246 209 205 288 189 482 327 620 111 405 0 578 167 212 544 236 116 603 319 624 632 262 459 558 676 381 413 622 174 600 262 695 128 316 184 210 342 304 694 349 244 297 500 
661 228 278 599 0 550 459 246 209 205 288 189 482 327 620 111 405 132 578 167 212 544 236 116 603 319 624 0 262 459 558 676 381 413 622 174 600 262 695 128 316 184 210 342 304 694 349 244 297 500 
661 228 278 599 0 550 459 246 209 205 288 189 482 327 620 111 0 132 578 167 212 544 236 116 603 319 624 632 262 459 558 676 381 413 622 174 600 262 695 128 316 184 210 342 304 694 349 244 297 500 
661 228 0 599 0 550 459 246 209 205 288 189 482 327 620 111 405 132 578 167 212 544 236 116 603 319 624 632 262 459 558 676 381 413 622 174 600 262 695 128 316 184 210 342 304 694 349 244 297 500 
661 228 278 599 0 550 459 246 209 205 288 189 482 327 620 111 405 132 578 167 0 544 236 116 603 319 624 632 262 459 558 676 381 413 622 174 600 262 695 128 316 184 210 342 304 694 349 244 297 500 
661 228 278 599 0 550 459 246 209 205 288 189 482 327 620 111 405 132 578 167 212 544 236 116 603 319 624 632 262 459 0 676 381 413 622 174 600 262 695 128 316 184 210 342 304 694 349 244 297 500 
661 228 278 599 0 550 459 246 209 205 288 189 482 327 620 111 405 132 578 167 212 544 236 116 603 319 624 632 262 459 558 676 381 413 622 174 600 262 695 128 316 184 210 342 304 694 349 244 0 500 
661 228 278 599 0 550 459 246 209 205 288 189 0 327 620 111 405 132 578 167 212 544 236 116 603 319 624 632 262 459 558 676 381 413 622 174 600 262 695 128 316 184 210 342 304 694 349 244 297 500 
466 548 317 322 550 0 547 114 672 269 129 621 622 575 507 290 126 557 348 146 160 529 493 461 470 275 620 612 599 371 390 0 258 519 600 255 605 529 343 418 258 113 216 185 226 442 433 599 292 579 
466 548 317 322 550 0 547 114 672 269 0 621 622 575 507 290 126 557 348 146 160 529 493 461 470 275 620 612 599 371 390 423 258 519 600 255 605 529 343 418 258 113 216 185 226 442 433 599 292 579 
466 548 317 322 550 0 547 114 672 269 129 621 622 575 507 290 126 557 348 146 160 529 0 461 470 275 620 612 599 371 390 423 258 519 600 255 605 529 343 418 258 113 216 185 226 442 433 599 292 579 
466 548 317 322 550 0 547 114 672 269 129 621 622 575 507 290 0 557 348 146 160 529 493 461 470 275 620 612 599 371 390 423 258 519 600 255 605 529 343 418 258 113 216 185 226 442 433 599 292 579 
466 548 317 322 550 0 547 114 672 269 129 621 622 575 507 290 126 557 348 146 160 529 493 461 470 275 620 612 599 0 390 423 258 519 600 255 605 529 343 418 258 113 216 185 226 442 433 599 292 579 
466 548 317 322 550 0 547 114 672 269 129 621 622 575 507 290 126 557 348 146 160 529 493 461 470 275 620 612 599 371 390 423 258 519 600 255 605 529 0 418 258 113 216 185 226 442 433 599 292 579 
466 548 317 322 550 0 547 114 672 269 129 621 622 575 507 0 126 557 348 146 160 529 493 461 470 275 620 612 599 371 390 423 258 519 600 255 605 529 343 418 258 113 216 185 226 442 433 599 292 579 
466 548 317 322 550 0 547 114 672 269 129 621 622 575 507 290 126 557 348 146 160 529 493 461 470 275 620 612 599 371 390 423 258 519 600 255 605 529 343 418 258 113 216 185 226 442 433 0 292 579 
466 548 317 322 550 0 547 114 672 269 129 621 622 575 507 290 126 557 348 146 160 529 493 461 470 275 620 612 599 371 390 423 258 519 600 255 605 0 343 418 258 113 216 185 226 442 433 599 292 579 
466 548 317 322 550 0 547 114 672 269 129 621 622 575 507 290 126 557 348 146 160 529 493 461 470 275 620 612 599 371 390 423 258 519 600 255 605 0 343 418 258 113 216 185 226 442 433 599 292 579 
